   Ion       dE/dx      dE/dx     Projected   Longitudinal   Lateral
  Energy     Elec.      Nuclear     Range     Straggling    Straggling
 (MeV/u)    (MeV/um)    (MeV/um)    (um)         (um)          (um)
---------- ---------- ----------  ----------  ------------  -----------
9.090e-04   5.345E-02  6.865E-02     672E-04	  244E-04      180E-04 
1.000e-03   5.606E-02  6.648E-02     738E-04	  264E-04      195E-04 
1.090e-03   5.856E-02  6.446E-02     805E-04	  282E-04      210E-04 
1.181e-03   6.095E-02  6.258E-02     872E-04	  301E-04      226E-04 
1.272e-03   6.325E-02  6.082E-02     939E-04	  319E-04      240E-04 
1.363e-03   6.547E-02  5.917E-02    1006E-04	  336E-04      255E-04 
1.454e-03   6.762E-02  5.762E-02    1074E-04	  353E-04      270E-04 
1.545e-03   6.970E-02  5.617E-02    1141E-04	  369E-04      284E-04 
1.636e-03   7.172E-02  5.480E-02    1208E-04	  385E-04      298E-04 
1.818e-03   7.560E-02  5.228E-02    1341E-04	  417E-04      327E-04 
2.045e-03   8.012E-02  4.950E-02    1508E-04	  454E-04      361E-04 
2.272e-03   8.451E-02  4.704E-02    1673E-04	  489E-04      395E-04 
2.500e-03   8.897E-02  4.485E-02    1837E-04	  521E-04      427E-04 
2.727e-03   9.331E-02  4.289E-02    1999E-04	  553E-04      459E-04 
2.954e-03   9.743E-02  4.113E-02    2159E-04	  582E-04      489E-04 
3.181e-03   1.013E-01  3.952E-02    2318E-04	  610E-04      519E-04 
3.409e-03   1.049E-01  3.806E-02    2474E-04	  636E-04      548E-04 
3.636e-03   1.083E-01  3.672E-02    2629E-04	  662E-04      575E-04 
4.090e-03   1.144E-01  3.434E-02    2935E-04	  709E-04      629E-04 
4.545e-03   1.199E-01  3.229E-02    3236E-04	  753E-04      679E-04 
5.000e-03   1.247E-01  3.051E-02    3532E-04	  794E-04      728E-04 
5.454e-03   1.292E-01  2.894E-02    3824E-04	  832E-04      773E-04 
5.909e-03   1.333E-01  2.755E-02    4113E-04	  868E-04      817E-04 
6.363e-03   1.371E-01  2.630E-02    4398E-04	  902E-04      859E-04 
7.272e-03   1.443E-01  2.416E-02    4958E-04	  965E-04      939E-04 
8.181e-03   1.509E-01  2.239E-02    5505E-04	 1022E-04     1013E-04 
9.090e-03   1.572E-01  2.088E-02    6040E-04	 1074E-04     1081E-04 
1.000e-02   1.632E-01  1.959E-02    6564E-04	 1121E-04     1146E-04 
1.090e-02   1.691E-01  1.847E-02    7076E-04	 1165E-04     1207E-04 
1.181e-02   1.748E-01  1.749E-02    7577E-04	 1205E-04     1264E-04 
1.272e-02   1.805E-01  1.661E-02    8067E-04	 1242E-04     1318E-04 
1.363e-02   1.861E-01  1.583E-02    8547E-04	 1276E-04     1369E-04 
1.454e-02   1.916E-01  1.513E-02    9016E-04	 1308E-04     1418E-04 
1.545e-02   1.971E-01  1.450E-02    9476E-04	 1337E-04     1464E-04 
1.636e-02   2.026E-01  1.392E-02    9926E-04	 1365E-04     1508E-04 
1.818e-02   2.133E-01  1.291E-02    1.08E+00	 1418E-04     1589E-04 
2.045e-02   2.264E-01  1.185E-02    1.18E+00	 1477E-04     1681E-04 
2.272e-02   2.393E-01  1.097E-02    1.28E+00	 1528E-04     1764E-04 
2.500e-02   2.519E-01  1.022E-02    1.38E+00	 1573E-04     1839E-04 
2.727e-02   2.642E-01  9.581E-03    1.47E+00	 1612E-04     1906E-04 
2.954e-02   2.762E-01  9.023E-03    1.56E+00	 1647E-04     1968E-04 
3.181e-02   2.879E-01  8.532E-03    1.64E+00	 1679E-04     2025E-04 
3.409e-02   2.994E-01  8.097E-03    1.72E+00	 1707E-04     2077E-04 
3.636e-02   3.106E-01  7.708E-03    1.80E+00	 1733E-04     2126E-04 
4.090e-02   3.323E-01  7.043E-03    1.95E+00	 1784E-04     2212E-04 
4.545e-02   3.531E-01  6.492E-03    2.09E+00	 1827E-04     2288E-04 
5.000e-02   3.732E-01  6.028E-03    2.23E+00	 1865E-04     2355E-04 
5.454e-02   3.925E-01  5.632E-03    2.35E+00	 1897E-04     2414E-04 
5.909e-02   4.111E-01  5.289E-03    2.47E+00	 1926E-04     2468E-04 
6.363e-02   4.292E-01  4.988E-03    2.59E+00	 1951E-04     2516E-04 
7.272e-02   4.635E-01  4.487E-03    2.81E+00	 2007E-04     2601E-04 
8.181e-02   4.958E-01  4.084E-03    3.02E+00	 2053E-04     2672E-04 
9.090e-02   5.261E-01  3.753E-03    3.21E+00	 2092E-04     2734E-04 
1.000e-01   5.544E-01  3.475E-03    3.39E+00	 2126E-04     2787E-04 
1.090e-01   5.807E-01  3.238E-03    3.57E+00	 2155E-04     2835E-04 
1.181e-01   6.051E-01  3.034E-03    3.73E+00	 2182E-04     2878E-04 
1.272e-01   6.275E-01  2.856E-03    3.89E+00	 2205E-04     2916E-04 
1.363e-01   6.480E-01  2.699E-03    4.05E+00	 2227E-04     2951E-04 
1.454e-01   6.666E-01  2.560E-03    4.20E+00	 2247E-04     2984E-04 
1.545e-01   6.834E-01  2.436E-03    4.35E+00	 2265E-04     3014E-04 
1.636e-01   6.985E-01  2.323E-03    4.49E+00	 2283E-04     3041E-04 
1.818e-01   7.239E-01  2.130E-03    4.77E+00	 2331E-04     3092E-04 
2.045e-01   7.477E-01  1.931E-03    5.11E+00	 2395E-04     3148E-04 
2.272e-01   7.640E-01  1.769E-03    5.44E+00	 2453E-04     3197E-04 
2.500e-01   7.745E-01  1.633E-03    5.76E+00	 2508E-04     3242E-04 
2.727e-01   7.803E-01  1.518E-03    6.08E+00	 2559E-04     3284E-04 
2.954e-01   7.825E-01  1.420E-03    6.40E+00	 2609E-04     3323E-04 
3.181e-01   7.820E-01  1.334E-03    6.72E+00	 2657E-04     3360E-04 
3.409e-01   7.793E-01  1.258E-03    7.04E+00	 2704E-04     3395E-04 
3.636e-01   7.751E-01  1.191E-03    7.36E+00	 2751E-04     3429E-04 
4.090e-01   7.634E-01  1.078E-03    8.01E+00	 2916E-04     3494E-04 
4.545e-01   7.492E-01  9.855E-04    8.67E+00	 3076E-04     3556E-04 
5.000e-01   7.338E-01  9.086E-04    9.34E+00	 3234E-04     3615E-04 
5.454e-01   7.180E-01  8.434E-04   10.03E+00	 3391E-04     3674E-04 
5.909e-01   7.022E-01  7.875E-04   10.73E+00	 3546E-04     3732E-04 
6.363e-01   6.866E-01  7.389E-04   11.45E+00	 3702E-04     3789E-04 
7.272e-01   6.565E-01  6.587E-04   12.94E+00	 4281E-04     3905E-04 
8.181e-01   6.282E-01  5.950E-04   14.49E+00	 4834E-04     4021E-04 
9.090e-01   6.017E-01  5.432E-04   16.12E+00	 5373E-04     4141E-04 
1.000e+00   5.769E-01  5.001E-04   17.81E+00	 5904E-04     4264E-04 
1.090e+00   5.538E-01  4.637E-04   19.58E+00	 6432E-04     4391E-04 
1.181e+00   5.322E-01  4.325E-04   21.42E+00	 6958E-04     4523E-04 
1.272e+00   5.120E-01  4.054E-04   23.34E+00	 7486E-04     4660E-04 
1.363e+00   4.932E-01  3.817E-04   25.32E+00	 8017E-04     4802E-04 
1.454e+00   4.756E-01  3.608E-04   27.39E+00	 8553E-04     4950E-04 
1.545e+00   4.591E-01  3.422E-04   29.53E+00	 9092E-04     5104E-04 
1.636e+00   4.437E-01  3.255E-04   31.74E+00	 9638E-04     5264E-04 
1.818e+00   4.158E-01  2.967E-04   36.39E+00	 1.17E+00     5604E-04 
2.045e+00   3.873E-01  2.676E-04   42.62E+00	 1.47E+00     6063E-04 
2.272e+00   3.677E-01  2.439E-04   49.24E+00	 1.75E+00     6558E-04 
2.500e+00   3.459E-01  2.242E-04   56.25E+00	 2.01E+00     7087E-04 
2.727e+00   3.247E-01  2.076E-04   63.70E+00	 2.28E+00     7654E-04 
2.954e+00   3.062E-01  1.934E-04   71.63E+00	 2.54E+00     8259E-04 
3.181e+00   2.900E-01  1.811E-04   80.02E+00	 2.81E+00     8903E-04 
3.409e+00   2.756E-01  1.704E-04   88.86E+00	 3.08E+00     9585E-04 
3.636e+00   2.628E-01  1.609E-04   98.14E+00	 3.36E+00     1.03E+00 
4.090e+00   2.408E-01  1.449E-04  118.01E+00	 4.39E+00     1.19E+00 
4.545e+00   2.227E-01  1.320E-04  139.59E+00	 5.36E+00     1.35E+00 
5.000e+00   2.075E-01  1.212E-04  162.84E+00	 6.30E+00     1.54E+00 
5.454e+00   1.945E-01  1.122E-04  187.72E+00	 7.22E+00     1.73E+00 
5.909e+00   1.831E-01  1.044E-04  214.21E+00	 8.15E+00     1.94E+00 
6.363e+00   1.732E-01  9.773E-05  242.28E+00	 9.08E+00     2.16E+00 
7.272e+00   1.564E-01  8.672E-05  303.03E+00	12.52E+00     2.63E+00 
8.181e+00   1.427E-01  7.803E-05  369.97E+00	15.73E+00     3.16E+00 
9.090e+00   1.312E-01  7.099E-05  443.04E+00	18.85E+00     3.72E+00 
1.000e+01   1.214E-01  6.516E-05  522.27E+00	21.95E+00     4.33E+00 
1.090e+01   1.129E-01  6.025E-05  607.70E+00	25.09E+00     4.99E+00 
1.181e+01   1.054E-01  5.606E-05  699.37E+00	28.28E+00     5.69E+00 
1.272e+01   9.875E-02  5.244E-05  797.38E+00	31.53E+00     6.44E+00 
1.363e+01   9.284E-02  4.927E-05  901.79E+00	34.86E+00     7.24E+00 
1.454e+01   8.753E-02  4.648E-05    1.01E+03	38.27E+00     8.09E+00 
1.545e+01   8.274E-02  4.401E-05    1.13E+03	41.76E+00     8.98E+00 
1.636e+01   7.842E-02  4.179E-05    1.25E+03	45.35E+00     9.92E+00 
1.818e+01   7.095E-02  3.799E-05    1.52E+03	59.22E+00    11.96E+00 
2.045e+01   6.343E-02  3.415E-05    1.89E+03	79.40E+00    14.80E+00 
2.272e+01   5.754E-02  3.104E-05    2.31E+03	98.78E+00    17.96E+00 
2.500e+01   5.298E-02  2.846E-05    2.76E+03   117.86E+00    21.41E+00 
2.727e+01   4.953E-02  2.630E-05    3.25E+03   136.73E+00    25.15E+00 
2.954e+01   4.703E-02  2.446E-05    3.77E+03   155.27E+00    29.12E+00 
3.181e+01   4.443E-02  2.286E-05    4.31E+03   173.64E+00    33.30E+00 
3.409e+01   4.198E-02  2.147E-05    4.89E+03   192.15E+00    37.72E+00 
3.636e+01   3.982E-02  2.024E-05    5.50E+03   210.91E+00    42.37E+00 
4.090e+01   3.617E-02  1.818E-05    6.82E+03   281.83E+00    52.35E+00 
4.545e+01   3.320E-02  1.652E-05    8.26E+03   348.36E+00    63.24E+00 
5.000e+01   3.074E-02  1.514E-05    9.83E+03   413.16E+00    74.98E+00 
5.454e+01   2.867E-02  1.398E-05   11.51E+03   477.38E+00    87.58E+00 
5.909e+01   2.689E-02  1.300E-05   13.31E+03   541.57E+00   100.99E+00 
6.363e+01   2.535E-02  1.214E-05   15.23E+03   606.03E+00   115.19E+00 
7.272e+01   2.283E-02  1.075E-05   19.38E+03   845.45E+00   145.91E+00 
8.181e+01   2.083E-02  9.646E-06   23.97E+03	 1.07E+03   179.58E+00 
9.090e+01   1.921E-02  8.757E-06   28.97E+03	 1.28E+03   216.03E+00 
1.000e+02   1.788E-02  8.023E-06   34.36E+03	 1.49E+03   255.14E+00 
1.090e+02   1.675E-02  7.407E-06   40.14E+03	 1.70E+03   296.79E+00 
1.181e+02   1.579E-02  6.881E-06   46.29E+03	 1.91E+03   340.84E+00 
1.272e+02   1.496E-02  6.428E-06   52.79E+03	 2.12E+03   387.19E+00 
1.363e+02   1.424E-02  6.032E-06   59.64E+03	 2.34E+03   435.74E+00 
1.454e+02   1.360E-02  5.684E-06   66.83E+03	 2.55E+03   486.39E+00 
1.545e+02   1.304E-02  5.376E-06   74.34E+03	 2.76E+03   539.04E+00 
1.636e+02   1.253E-02  5.100E-06   82.16E+03	 2.98E+03   593.61E+00 
1.818e+02   1.167E-02  4.628E-06   98.69E+03	 3.79E+03   708.22E+00 
2.045e+02   1.080E-02  4.151E-06  120.95E+03	 4.93E+03   860.87E+00 
2.272e+02   1.011E-02  3.766E-06  144.87E+03	 5.99E+03     1.02E+03 
2.500e+02   9.533E-03  3.449E-06  170.34E+03	 6.99E+03     1.19E+03 
2.727e+02   9.054E-03  3.182E-06  197.25E+03	 7.96E+03     1.37E+03 
2.954e+02   8.648E-03  2.955E-06  225.50E+03	 8.92E+03     1.56E+03 
3.181e+02   8.300E-03  2.759E-06  255.00E+03	 9.85E+03     1.75E+03 
3.409e+02   7.998E-03  2.589E-06  285.68E+03	10.77E+03     1.94E+03 
3.636e+02   7.735E-03  2.438E-06  317.46E+03	11.67E+03     2.15E+03 
4.090e+02   7.298E-03  2.186E-06  384.01E+03	15.01E+03     2.56E+03 
4.545e+02   6.951E-03  1.983E-06  454.21E+03	18.00E+03     2.99E+03 
5.000e+02   6.670E-03  1.815E-06  527.63E+03	20.80E+03     3.43E+03 
5.454e+02   6.438E-03  1.674E-06  603.93E+03	23.44E+03     3.88E+03 
5.909e+02   6.245E-03  1.554E-06  682.78E+03	25.97E+03     4.34E+03 
6.363e+02   6.082E-03  1.451E-06  763.90E+03	28.40E+03     4.80E+03 
7.272e+02   5.824E-03  1.281E-06  931.92E+03	37.05E+03     5.73E+03 
8.181e+02   5.631E-03  1.148E-06    1.11E+06	44.54E+03     6.67E+03 
9.090e+02   5.484E-03  1.041E-06    1.29E+06	51.32E+03     7.60E+03 
