   Ion       dE/dx      dE/dx     Projected   Longitudinal   Lateral
  Energy     Elec.      Nuclear     Range     Straggling    Straggling
 (MeV/u)    (MeV/um)    (MeV/um)    (um)         (um)          (um)
---------- ---------- ----------  ----------  ------------  -----------
1.111e-03   3.618E-02  4.535E-02     927E-04	  352E-04      262E-04
1.222e-03   3.795E-02  4.362E-02    1025E-04	  382E-04      287E-04
1.333e-03   3.963E-02  4.204E-02    1123E-04	  410E-04      311E-04
1.444e-03   4.125E-02  4.060E-02    1222E-04	  438E-04      335E-04
1.555e-03   4.281E-02  3.926E-02    1321E-04	  466E-04      359E-04
1.666e-03   4.431E-02  3.803E-02    1421E-04	  492E-04      383E-04
1.777e-03   4.576E-02  3.688E-02    1521E-04	  518E-04      406E-04
1.888e-03   4.717E-02  3.582E-02    1621E-04	  544E-04      429E-04
2.000e-03   4.854E-02  3.482E-02    1721E-04	  568E-04      453E-04
2.222e-03   5.022E-02  3.301E-02    1921E-04	  617E-04      498E-04
2.500e-03   5.232E-02  3.104E-02    2175E-04	  675E-04      554E-04
2.777e-03   5.446E-02  2.933E-02    2429E-04	  731E-04      609E-04
3.055e-03   5.664E-02  2.782E-02    2684E-04	  785E-04      663E-04
3.333e-03   5.886E-02  2.649E-02    2938E-04	  836E-04      715E-04
3.611e-03   6.110E-02  2.529E-02    3191E-04	  885E-04      767E-04
3.888e-03   6.335E-02  2.422E-02    3442E-04	  931E-04      817E-04
4.166e-03   6.562E-02  2.324E-02    3691E-04	  976E-04      866E-04
4.444e-03   6.789E-02  2.236E-02    3937E-04	 1018E-04      913E-04
5.000e-03   7.241E-02  2.080E-02    4421E-04	 1097E-04     1004E-04
5.555e-03   7.688E-02  1.947E-02    4893E-04	 1168E-04     1090E-04
6.111e-03   8.128E-02  1.833E-02    5352E-04	 1234E-04     1171E-04
6.666e-03   8.559E-02  1.732E-02    5800E-04	 1294E-04     1247E-04
7.222e-03   8.981E-02  1.644E-02    6235E-04	 1349E-04     1319E-04
7.777e-03   9.393E-02  1.565E-02    6660E-04	 1399E-04     1387E-04
8.888e-03   1.018E-01  1.431E-02    7477E-04	 1490E-04     1512E-04
1.000e-02   1.094E-01  1.321E-02    8255E-04	 1569E-04     1624E-04
1.111e-02   1.165E-01  1.228E-02    8999E-04	 1638E-04     1725E-04
1.222e-02   1.232E-01  1.148E-02    9713E-04	 1699E-04     1817E-04
1.333e-02   1.297E-01  1.080E-02    1.04E+00	 1753E-04     1901E-04
1.444e-02   1.358E-01  1.020E-02    1.11E+00	 1802E-04     1978E-04
1.555e-02   1.416E-01  9.671E-03    1.17E+00	 1845E-04     2050E-04
1.666e-02   1.473E-01  9.200E-03    1.23E+00	 1885E-04     2116E-04
1.777e-02   1.526E-01  8.777E-03    1.29E+00	 1922E-04     2178E-04
1.888e-02   1.578E-01  8.396E-03    1.35E+00	 1956E-04     2236E-04
2.000e-02   1.628E-01  8.050E-03    1.41E+00	 1987E-04     2291E-04
2.222e-02   1.724E-01  7.444E-03    1.52E+00	 2045E-04     2390E-04
2.500e-02   1.837E-01  6.816E-03    1.65E+00	 2109E-04     2500E-04
2.777e-02   1.943E-01  6.295E-03    1.77E+00	 2164E-04     2597E-04
3.055e-02   2.045E-01  5.855E-03    1.89E+00	 2212E-04     2684E-04
3.333e-02   2.143E-01  5.478E-03    2.01E+00	 2254E-04     2762E-04
3.611e-02   2.238E-01  5.150E-03    2.12E+00	 2291E-04     2832E-04
3.888e-02   2.330E-01  4.863E-03    2.22E+00	 2324E-04     2896E-04
4.166e-02   2.421E-01  4.610E-03    2.32E+00	 2354E-04     2955E-04
4.444e-02   2.510E-01  4.383E-03    2.42E+00	 2381E-04     3010E-04
5.000e-02   2.685E-01  3.996E-03    2.61E+00	 2436E-04     3107E-04
5.555e-02   2.855E-01  3.677E-03    2.78E+00	 2482E-04     3191E-04
6.111e-02   3.022E-01  3.409E-03    2.95E+00	 2521E-04     3264E-04
6.666e-02   3.186E-01  3.181E-03    3.11E+00	 2556E-04     3330E-04
7.222e-02   3.347E-01  2.983E-03    3.26E+00	 2586E-04     3388E-04
7.777e-02   3.505E-01  2.811E-03    3.40E+00	 2612E-04     3440E-04
8.888e-02   3.809E-01  2.523E-03    3.67E+00	 2671E-04     3530E-04
1.000e-01   4.096E-01  2.293E-03    3.92E+00	 2719E-04     3606E-04
1.111e-01   4.365E-01  2.104E-03    4.15E+00	 2759E-04     3671E-04
1.222e-01   4.612E-01  1.946E-03    4.37E+00	 2794E-04     3726E-04
1.333e-01   4.838E-01  1.812E-03    4.58E+00	 2824E-04     3776E-04
1.444e-01   5.041E-01  1.696E-03    4.78E+00	 2851E-04     3819E-04
1.555e-01   5.222E-01  1.595E-03    4.98E+00	 2876E-04     3859E-04
1.666e-01   5.381E-01  1.506E-03    5.16E+00	 2898E-04     3895E-04
1.777e-01   5.519E-01  1.428E-03    5.35E+00	 2919E-04     3927E-04
1.888e-01   5.637E-01  1.357E-03    5.53E+00	 2938E-04     3958E-04
2.000e-01   5.737E-01  1.294E-03    5.70E+00	 2956E-04     3986E-04
2.222e-01   5.889E-01  1.185E-03    6.04E+00	 3010E-04     4038E-04
2.500e-01   6.002E-01  1.073E-03    6.46E+00	 3083E-04     4096E-04
2.777e-01   6.051E-01  9.819E-04    6.87E+00	 3151E-04     4148E-04
3.055e-01   6.052E-01  9.059E-04    7.29E+00	 3217E-04     4196E-04
3.333e-01   6.018E-01  8.414E-04    7.70E+00	 3281E-04     4241E-04
3.611e-01   5.961E-01  7.861E-04    8.12E+00	 3344E-04     4284E-04
3.888e-01   5.888E-01  7.380E-04    8.54E+00	 3407E-04     4325E-04
4.166e-01   5.803E-01  6.959E-04    8.96E+00	 3470E-04     4365E-04
4.444e-01   5.712E-01  6.585E-04    9.40E+00	 3534E-04     4404E-04
5.000e-01   5.521E-01  5.953E-04   10.29E+00	 3769E-04     4480E-04
5.555e-01   5.328E-01  5.438E-04   11.21E+00	 4005E-04     4555E-04
6.111e-01   5.140E-01  5.010E-04   12.16E+00	 4243E-04     4630E-04
6.666e-01   4.961E-01  4.648E-04   13.15E+00	 4484E-04     4705E-04
7.222e-01   4.791E-01  4.337E-04   14.17E+00	 4729E-04     4781E-04
7.777e-01   4.631E-01  4.068E-04   15.23E+00	 4978E-04     4859E-04
8.888e-01   4.337E-01  3.623E-04   17.46E+00	 5922E-04     5020E-04
1.000e+00   4.077E-01  3.270E-04   19.84E+00	 6838E-04     5190E-04
1.111e+00   3.844E-01  2.983E-04   22.36E+00	 7742E-04     5370E-04
1.222e+00   3.636E-01  2.745E-04   25.04E+00	 8645E-04     5563E-04
1.333e+00   3.449E-01  2.544E-04   27.86E+00	 9551E-04     5769E-04
1.444e+00   3.280E-01  2.371E-04   30.83E+00	 1.05E+00     5987E-04
1.555e+00   3.127E-01  2.222E-04   33.95E+00	 1.14E+00     6220E-04
1.666e+00   2.988E-01  2.091E-04   37.22E+00	 1.23E+00     6467E-04
1.777e+00   2.862E-01  1.976E-04   40.64E+00	 1.33E+00     6729E-04
1.888e+00   2.746E-01  1.873E-04   44.20E+00	 1.42E+00     7005E-04
2.000e+00   2.639E-01  1.781E-04   47.91E+00	 1.52E+00     7297E-04
2.222e+00   2.501E-01  1.623E-04   55.69E+00	 1.88E+00     7918E-04
2.500e+00   2.315E-01  1.463E-04   66.08E+00	 2.40E+00     8765E-04
2.777e+00   2.137E-01  1.332E-04   77.32E+00	 2.88E+00     9693E-04
3.055e+00   1.988E-01  1.224E-04   89.44E+00	 3.36E+00     1.07E+00
3.333e+00   1.860E-01  1.133E-04  102.44E+00	 3.84E+00     1.18E+00
3.611e+00   1.750E-01  1.055E-04  116.29E+00	 4.32E+00     1.30E+00
3.888e+00   1.654E-01  9.881E-05  130.98E+00	 4.80E+00     1.42E+00
4.166e+00   1.569E-01  9.292E-05  146.49E+00	 5.29E+00     1.56E+00
4.444e+00   1.493E-01  8.772E-05  162.81E+00	 5.78E+00     1.70E+00
5.000e+00   1.364E-01  7.896E-05  197.84E+00	 7.63E+00     2.00E+00
5.555e+00   1.257E-01  7.186E-05  236.01E+00	 9.37E+00     2.33E+00
6.111e+00   1.166E-01  6.599E-05  277.29E+00	11.06E+00     2.69E+00
6.666e+00   1.089E-01  6.104E-05  321.65E+00	12.74E+00     3.07E+00
7.222e+00   1.021E-01  5.681E-05  369.06E+00	14.42E+00     3.48E+00
7.777e+00   9.612E-02  5.315E-05  419.51E+00	16.11E+00     3.92E+00
8.888e+00   8.604E-02  4.714E-05  529.45E+00	22.44E+00     4.86E+00
1.000e+01   7.783E-02  4.239E-05  651.63E+00	28.38E+00     5.91E+00
1.111e+01   7.100E-02  3.855E-05  786.13E+00	34.22E+00     7.06E+00
1.222e+01   6.522E-02  3.538E-05  933.04E+00	40.09E+00     8.31E+00
1.333e+01   6.029E-02  3.270E-05    1.09E+03	46.07E+00     9.67E+00
1.444e+01   5.602E-02  3.042E-05    1.26E+03	52.17E+00    11.14E+00
1.555e+01   5.230E-02  2.845E-05    1.45E+03	58.42E+00    12.71E+00
1.666e+01   4.905E-02  2.672E-05    1.65E+03	64.84E+00    14.38E+00
1.777e+01   4.619E-02  2.520E-05    1.86E+03	71.41E+00    16.17E+00
1.888e+01   4.366E-02  2.386E-05    2.08E+03	78.14E+00    18.06E+00
2.000e+01   4.142E-02  2.265E-05    2.31E+03	85.03E+00    20.07E+00
2.222e+01   3.767E-02  2.058E-05    2.82E+03   111.37E+00    24.38E+00
2.500e+01   3.406E-02  1.850E-05    3.52E+03   149.09E+00    30.35E+00
2.777e+01   3.137E-02  1.680E-05    4.28E+03   184.47E+00    36.89E+00
3.055e+01   2.930E-02  1.541E-05    5.11E+03   218.52E+00    43.94E+00
3.333e+01   2.727E-02  1.423E-05    5.99E+03   252.10E+00    51.47E+00
3.611e+01   2.554E-02  1.323E-05    6.94E+03   285.82E+00    59.52E+00
3.888e+01   2.403E-02  1.237E-05    7.95E+03   319.83E+00    68.06E+00
4.166e+01   2.272E-02  1.161E-05    9.02E+03   354.20E+00    77.09E+00
4.444e+01   2.156E-02  1.095E-05   10.15E+03   388.98E+00    86.59E+00
5.000e+01   1.960E-02  9.828E-06   12.58E+03   520.14E+00   107.01E+00
5.555e+01   1.801E-02  8.925E-06   15.24E+03   642.94E+00   129.24E+00
6.111e+01   1.669E-02  8.179E-06   18.12E+03   762.35E+00   153.21E+00
6.666e+01   1.558E-02  7.552E-06   21.22E+03   880.49E+00   178.87E+00
7.222e+01   1.463E-02  7.018E-06   24.54E+03   998.41E+00   206.16E+00
7.777e+01   1.381E-02  6.556E-06   28.05E+03	 1.12E+03   235.03E+00
8.888e+01   1.246E-02  5.800E-06   35.68E+03	 1.55E+03   297.32E+00
1.000e+02   1.139E-02  5.204E-06   44.07E+03	 1.96E+03   365.38E+00
1.111e+02   1.053E-02  4.724E-06   53.20E+03	 2.35E+03   438.85E+00
1.222e+02   9.817E-03  4.327E-06   63.04E+03	 2.73E+03   517.44E+00
1.333e+02   9.219E-03  3.994E-06   73.55E+03	 3.11E+03   600.85E+00
1.444e+02   8.709E-03  3.710E-06   84.71E+03	 3.49E+03   688.82E+00
1.555e+02   8.269E-03  3.465E-06   96.49E+03	 3.87E+03   781.10E+00
1.666e+02   7.886E-03  3.251E-06  108.87E+03	 4.25E+03   877.47E+00
1.777e+02   7.549E-03  3.063E-06  121.83E+03	 4.64E+03   977.70E+00
1.888e+02   7.250E-03  2.896E-06  135.34E+03	 5.02E+03     1.08E+03
2.000e+02   6.984E-03  2.747E-06  149.39E+03	 5.40E+03     1.19E+03
2.222e+02   6.530E-03  2.492E-06  179.00E+03	 6.84E+03     1.41E+03
2.500e+02   6.073E-03  2.235E-06  218.70E+03	 8.86E+03     1.71E+03
2.777e+02   5.706E-03  2.027E-06  261.17E+03	10.71E+03     2.02E+03
3.055e+02   5.406E-03  1.856E-06  306.17E+03	12.47E+03     2.35E+03
3.333e+02   5.156E-03  1.712E-06  353.52E+03	14.17E+03     2.69E+03
3.611e+02   4.945E-03  1.590E-06  403.03E+03	15.81E+03     3.04E+03
3.888e+02   4.764E-03  1.484E-06  454.53E+03	17.42E+03     3.40E+03
4.166e+02   4.608E-03  1.392E-06  507.88E+03	18.99E+03     3.77E+03
4.444e+02   4.472E-03  1.311E-06  562.94E+03	20.54E+03     4.15E+03
5.000e+02   4.248E-03  1.176E-06  677.65E+03	26.19E+03     4.92E+03
5.555e+02   4.071E-03  1.066E-06  797.87E+03	31.25E+03     5.71E+03
6.111e+02   3.929E-03  9.755E-07  922.88E+03	35.92E+03     6.51E+03
6.666e+02   3.813E-03  8.997E-07    1.05E+06	40.32E+03     7.32E+03
7.222e+02   3.717E-03  8.351E-07    1.18E+06	44.50E+03     8.14E+03
7.777e+02   3.637E-03  7.794E-07    1.32E+06	48.50E+03     8.95E+03
8.888e+02   3.511E-03  6.883E-07    1.60E+06	62.63E+03    10.59E+03
1.000e+03   3.420E-03  6.167E-07    1.89E+06	74.78E+03    12.22E+03
1.111e+03   3.351E-03  5.590E-07    2.18E+06	85.69E+03    13.83E+03
