   Ion        dE/dx       dE/dx      Projected    Longitudinal   Lateral
  Energy      Elec.      Nuclear        Range      Straggling   Straggling
 (MeV/u)     (MeV/um)   (MeV/um)        (um)          (um)         (um)
----------- ----------- ----------- ------------- ------------  ---------
8.333e-04   5.641E-02	9.014E-02	 0.0566       0.0209	  0.0152
9.166e-04   5.917E-02	8.772E-02	 0.0621       0.0226	  0.0165
1.000e-03   6.180E-02	8.543E-02	 0.0677       0.0242	  0.0177
1.083e-03   6.432E-02	8.326E-02	 0.0733       0.0258	  0.0190
1.166e-03   6.675E-02	8.122E-02	 0.0789       0.0273	  0.0202
1.250e-03   6.909E-02	7.928E-02	 0.0845       0.0289	  0.0214
1.333e-03   7.136E-02	7.745E-02	 0.0901       0.0304	  0.0227
1.416e-03   7.355E-02	7.571E-02	 0.0957       0.0318	  0.0239
1.500e-03   7.568E-02	7.406E-02	 0.1013       0.0333	  0.0251
1.666e-03   7.978E-02	7.100E-02	 0.1126       0.0361	  0.0275
1.875e-03   8.462E-02	6.757E-02	 0.1266       0.0394	  0.0304
2.083e-03   8.986E-02	6.451E-02	 0.1406       0.0426	  0.0333
2.291e-03   9.524E-02	6.176E-02	 0.1545       0.0456	  0.0361
2.500e-03   9.973E-02	5.927E-02	 0.1682       0.0485	  0.0388
2.708e-03   1.036E-01	5.701E-02	 0.1818       0.0512	  0.0415
2.916e-03   1.069E-01	5.494E-02	 0.1954       0.0538	  0.0441
3.125e-03   1.099E-01	5.304E-02	 0.2090       0.0564	  0.0466
3.333e-03   1.126E-01	5.129E-02	 0.2226       0.0588	  0.0491
3.750e-03   1.175E-01	4.817E-02	 0.2496       0.0635	  0.0540
4.166e-03   1.219E-01	4.546E-02	 0.2765       0.0680	  0.0587
4.583e-03   1.261E-01	4.309E-02	 0.3033       0.0722	  0.0632
5.000e-03   1.300E-01	4.099E-02	 0.3300       0.0762	  0.0676
5.416e-03   1.339E-01	3.911E-02	 0.3565       0.0800	  0.0718
5.833e-03   1.378E-01	3.742E-02	 0.3828       0.0837	  0.0760
6.666e-03   1.454E-01	3.451E-02	 0.4346       0.0905	  0.0839
7.500e-03   1.529E-01	3.207E-02	 0.4854       0.0967	  0.0913
8.333e-03   1.604E-01	3.000E-02	 0.5350       0.1023	  0.0983
9.166e-03   1.679E-01	2.821E-02	 0.5834       0.1074	  0.1049
1.000e-02   1.752E-01	2.665E-02	 0.6306       0.1121	  0.1112
1.083e-02   1.825E-01	2.528E-02	 0.6767       0.1164	  0.1170
1.166e-02   1.897E-01	2.406E-02	 0.7216       0.1203	  0.1226
1.250e-02   1.968E-01	2.296E-02	 0.7654       0.1240	  0.1278
1.333e-02   2.038E-01	2.197E-02	 0.8081       0.1274	  0.1328
1.416e-02   2.106E-01	2.108E-02	 0.8498       0.1305	  0.1375
1.500e-02   2.174E-01	2.026E-02	 0.8905       0.1335	  0.1420
1.666e-02   2.306E-01	1.883E-02	 0.9693       0.1390	  0.1503
1.875e-02   2.464E-01	1.732E-02	 1.0600       0.1450	  0.1596
2.083e-02   2.617E-01	1.606E-02	 1.1500       0.1503	  0.1680
2.291e-02   2.763E-01	1.500E-02	 1.2400       0.1548	  0.1755
2.500e-02   2.904E-01	1.407E-02	 1.3200       0.1589	  0.1823
2.708e-02   3.039E-01	1.327E-02	 1.4000       0.1624	  0.1886
2.916e-02   3.171E-01	1.256E-02	 1.4700       0.1657	  0.1943
3.125e-02   3.298E-01	1.194E-02	 1.5500       0.1686	  0.1995
3.333e-02   3.422E-01	1.137E-02	 1.6200       0.1712	  0.2044
3.750e-02   3.660E-01	1.041E-02	 1.7500       0.1763	  0.2132
4.166e-02   3.888E-01	9.608E-03	 1.8800       0.1806	  0.2208
4.583e-02   4.107E-01	8.933E-03	 2.0000       0.1844	  0.2276
5.000e-02   4.319E-01	8.354E-03	 2.1100       0.1877	  0.2336
5.416e-02   4.525E-01	7.853E-03	 2.2200       0.1905	  0.2391
5.833e-02   4.725E-01	7.413E-03	 2.3300       0.1931	  0.2440
6.666e-02   5.112E-01	6.678E-03	 2.5300       0.1984	  0.2526
7.500e-02   5.483E-01	6.086E-03	 2.7100       0.2028	  0.2599
8.333e-02   5.839E-01	5.598E-03	 2.8800       0.2066	  0.2661
9.166e-02   6.179E-01	5.189E-03	 3.0500       0.2098	  0.2716
9.999e-02   6.503E-01	4.839E-03	 3.2000       0.2125	  0.2764
1.083e-01   6.811E-01	4.538E-03	 3.3500       0.2150	  0.2807
1.166e-01   7.102E-01	4.274E-03	 3.4900       0.2172	  0.2845
1.250e-01   7.375E-01	4.042E-03	 3.6300       0.2191	  0.2880
1.333e-01   7.630E-01	3.836E-03	 3.7600       0.2209	  0.2912
1.416e-01   7.867E-01	3.651E-03	 3.8900       0.2226	  0.2941
1.500e-01   8.087E-01	3.485E-03	 4.0100       0.2241	  0.2968
1.666e-01   8.473E-01	3.197E-03	 4.2500       0.2281	  0.3017
1.875e-01   8.866E-01	2.902E-03	 4.5400       0.2332	  0.3070
2.083e-01   9.167E-01	2.660E-03	 4.8200       0.2377	  0.3116
2.291e-01   9.392E-01	2.458E-03	 5.0800       0.2418	  0.3158
2.500e-01   9.552E-01	2.286E-03	 5.3500       0.2457	  0.3196
2.708e-01   9.659E-01	2.139E-03	 5.6100       0.2493	  0.3230
2.916e-01   9.723E-01	2.010E-03	 5.8600       0.2529	  0.3263
3.125e-01   9.754E-01	1.897E-03	 6.1200       0.2562	  0.3294
3.333e-01   9.757E-01	1.797E-03	 6.3700       0.2595	  0.3323
3.750e-01   9.704E-01	1.627E-03	 6.8900       0.2709	  0.3378
4.166e-01   9.599E-01	1.489E-03	 7.4000       0.2818	  0.3429
4.583e-01   9.462E-01	1.373E-03	 7.9300       0.2926	  0.3478
5.000e-01   9.309E-01	1.275E-03	 8.4600       0.3033	  0.3525
5.416e-01   9.146E-01	1.191E-03	 9.0000       0.3139	  0.3571
5.833e-01   8.980E-01	1.118E-03	 9.5500       0.3245	  0.3616
6.666e-01   8.649E-01	9.976E-04	10.6800       0.3638	  0.3705
7.500e-01   8.329E-01	9.017E-04	11.8600       0.4018	  0.3793
8.333e-01   8.025E-01	8.236E-04	13.0800       0.4391	  0.3882
9.166e-01   7.737E-01	7.586E-04	14.3500       0.4760	  0.3972
1.000e+00   7.466E-01	7.037E-04	15.6600       0.5127	  0.4064
1.083e+00   7.210E-01	6.565E-04	17.0200       0.5493	  0.4158
1.166e+00   6.970E-01	6.157E-04	18.4300       0.5860	  0.4255
1.250e+00   6.744E-01	5.799E-04	19.8900       0.6228	  0.4354
1.333e+00   6.531E-01	5.482E-04	21.4000       0.6598	  0.4457
1.416e+00   6.331E-01	5.201E-04	22.9500       0.6971	  0.4564
1.500e+00   6.143E-01	4.948E-04	24.5500       0.7347	  0.4673
1.666e+00   5.798E-01	4.513E-04	27.9000       0.8773	  0.4904
1.875e+00   5.420E-01	4.071E-04	32.3600       1.0800	  0.5214
2.083e+00   5.137E-01	3.712E-04	37.0900       1.2800	  0.5547
2.291e+00   4.921E-01	3.414E-04	42.0600       1.4600	  0.5900
2.500e+00   4.674E-01	3.162E-04	47.2700       1.6400	  0.6274
2.708e+00   4.431E-01	2.947E-04	52.7600       1.8200	  0.6670
2.916e+00   4.216E-01	2.761E-04	58.5400       2.0000	  0.7089
3.125e+00   4.025E-01	2.598E-04	64.6100       2.1800	  0.7532
3.333e+00   3.853E-01	2.454E-04	70.9600       2.3600	  0.7997
3.750e+00   3.558E-01	2.211E-04	84.4600       3.0400	  0.8994
4.166e+00   3.311E-01	2.014E-04	99.0200       3.6800	  1.0100
4.583e+00   3.102E-01	1.850E-04      114.6200       4.3000	  1.1200
5.000e+00   2.921E-01	1.712E-04      131.2200       4.9100	  1.2500
5.416e+00   2.762E-01	1.595E-04      148.8200       5.5100	  1.3800
5.833e+00   2.622E-01	1.493E-04      167.3900       6.1100	  1.5200
6.666e+00   2.382E-01	1.325E-04      207.4000       8.3500	  1.8200
7.500e+00   2.184E-01	1.193E-04      251.2300      10.4100	  2.1400
8.333e+00   2.016E-01	1.085E-04      298.8800      12.4200	  2.4900
9.166e+00   1.872E-01	9.965E-05      350.3400      14.4100	  2.8700
1.000e+01   1.745E-01	9.217E-05      405.6600      16.4200	  3.2800
1.083e+01   1.633E-01	8.578E-05      464.8800      18.4500	  3.7100
1.166e+01   1.534E-01	8.025E-05      528.0400      20.5300	  4.1700
1.250e+01   1.445E-01	7.542E-05      595.2100      22.6400	  4.6600
1.333e+01   1.364E-01	7.116E-05      666.4200      24.8100	  5.1700
1.416e+01   1.291E-01	6.738E-05      741.7500      27.0300	  5.7200
1.500e+01   1.225E-01	6.400E-05      821.2100      29.3000	  6.2900
1.666e+01   1.111E-01	5.819E-05      992.6200      38.0900	  7.5300
1.875e+01   9.939E-02	5.232E-05     1230.0000      50.9100	  9.2500
2.083e+01   9.006E-02	4.756E-05     1490.0000      63.2400	 11.1500
2.291e+01   8.262E-02	4.363E-05     1780.0000      75.4500	 13.2500
2.500e+01   7.674E-02	4.032E-05     2100.0000      87.6400	 15.5200
2.708e+01   7.216E-02	3.750E-05     2430.0000      99.7900	 17.9500
2.916e+01   6.868E-02	3.506E-05     2790.0000     111.8200	 20.5300
3.125e+01   6.533E-02	3.293E-05     3160.0000     123.7600	 23.2400
3.333e+01   6.196E-02	3.106E-05     3560.0000     135.7800	 26.0800
3.750e+01   5.627E-02	2.790E-05     4400.0000     181.3000	 32.1800
4.166e+01   5.164E-02	2.535E-05     5330.0000     224.0300	 38.8200
4.583e+01   4.780E-02	2.324E-05     6340.0000     265.6800	 46.0000
5.000e+01   4.456E-02	2.147E-05     7420.0000     306.9700	 53.7000
5.416e+01   4.179E-02	1.996E-05     8580.0000     348.2700	 61.8900
5.833e+01   3.939E-02	1.865E-05     9810.0000     389.7700	 70.5800
6.666e+01   3.543E-02	1.651E-05    12490.0000     544.0500	 89.3900
7.500e+01   3.231E-02	1.482E-05    15440.0000     686.7800	110.0100
8.333e+01   2.978E-02	1.346E-05    18670.0000     825.0700	132.3800
9.166e+01   2.768E-02	1.233E-05    22150.0000     961.7000	156.4000
1.000e+02   2.592E-02	1.139E-05    25880.0000    1100.0000	182.0000
1.083e+02   2.441E-02	1.058E-05    29860.0000    1230.0000	209.1200
1.166e+02   2.311E-02	9.884E-06    34060.0000    1370.0000	237.6900
1.250e+02   2.198E-02	9.277E-06    38500.0000    1510.0000	267.6500
1.333e+02   2.098E-02	8.743E-06    43160.0000    1650.0000	298.9400
1.416e+02   2.009E-02	8.269E-06    48020.0000    1790.0000	331.5100
1.500e+02   1.930E-02	7.845E-06    53100.0000    1930.0000	365.3000
1.666e+02   1.795E-02	7.120E-06    63850.0000    2460.0000	436.3800
1.875e+02   1.658E-02	6.388E-06    78340.0000    3200.0000	531.3100
2.083e+02   1.548E-02	5.797E-06    93940.0000    3890.0000	632.3600
2.291e+02   1.458E-02	5.309E-06   110570.0000    4550.0000	738.9600
2.500e+02   1.382E-02	4.899E-06   128180.0000    5190.0000	850.5800
2.708e+02   1.318E-02	4.550E-06   146700.0000    5820.0000	966.7400
2.916e+02   1.263E-02	4.249E-06   166070.0000    6430.0000   1090.0000
3.125e+02   1.215E-02	3.986E-06   186240.0000    7040.0000   1210.0000
3.333e+02   1.174E-02	3.756E-06   207170.0000    7640.0000   1340.0000
3.750e+02   1.104E-02	3.368E-06   251090.0000    9850.0000   1600.0000
4.166e+02   1.049E-02	3.055E-06   297540.0000   11850.0000   1880.0000
4.583e+02   1.004E-02	2.797E-06   346260.0000   13710.0000   2160.0000
5.000e+02   9.671E-03	2.580E-06   396990.0000   15480.0000   2450.0000
5.416e+02   9.361E-03	2.395E-06   449530.0000   17180.0000   2740.0000
5.833e+02   9.099E-03	2.236E-06   503700.0000   18820.0000   3040.0000
6.666e+02   8.682E-03	1.975E-06   616210.0000   24660.0000   3640.0000
7.500e+02   8.368E-03	1.771E-06   733540.0000   29730.0000   4250.0000
8.333e+02   8.126E-03	1.606E-06   854800.0000   34340.0000   4860.0000
