   Ion        dE/dx       dE/dx      Projected    Longitudinal   Lateral
  Energy      Elec.      Nuclear        Range      Straggling   Straggling
 (MeV/u)     (MeV/um)   (MeV/um)        (um)          (um)         (um)
----------- ----------- ----------- ------------- ------------  ---------

5.263600e-04    4.791000e-02    1.759000e-01    4.020000e-02    1.410000e-02    1.020000e-02
5.789960e-04    5.025000e-02    1.737000e-01    4.390000e-02    1.520000e-02    1.100000e-02
6.316320e-04    5.249000e-02    1.714000e-01    4.760000e-02    1.630000e-02    1.180000e-02
6.842680e-04    5.463000e-02    1.691000e-01    5.140000e-02    1.740000e-02    1.250000e-02
7.369040e-04    5.669000e-02    1.668000e-01    5.510000e-02    1.840000e-02    1.330000e-02
7.895400e-04    5.868000e-02    1.646000e-01    5.890000e-02    1.950000e-02    1.410000e-02
8.421761e-04    6.061000e-02    1.624000e-01    6.260000e-02    2.060000e-02    1.480000e-02
8.948121e-04    6.247000e-02    1.602000e-01    6.640000e-02    2.160000e-02    1.560000e-02
9.474481e-04    6.428000e-02    1.580000e-01    7.020000e-02    2.270000e-02    1.630000e-02
1.052720e-03    6.776000e-02    1.539000e-01    7.790000e-02    2.470000e-02    1.790000e-02
1.184310e-03    7.187000e-02    1.490000e-01    8.760000e-02    2.730000e-02    1.970000e-02
1.315900e-03    7.576000e-02    1.444000e-01    9.730000e-02    2.970000e-02    2.160000e-02
1.447490e-03    7.945000e-02    1.401000e-01    1.071000e-01    3.220000e-02    2.350000e-02
1.579080e-03    8.299000e-02    1.360000e-01    1.170000e-01    3.460000e-02    2.530000e-02
1.710670e-03    8.638000e-02    1.323000e-01    1.270000e-01    3.690000e-02    2.720000e-02
1.842260e-03    8.964000e-02    1.287000e-01    1.370000e-01    3.920000e-02    2.900000e-02
1.973850e-03    9.278000e-02    1.254000e-01    1.470000e-01    4.150000e-02    3.090000e-02
2.105440e-03    1.015000e-01    1.223000e-01    1.569000e-01    4.360000e-02    3.270000e-02
2.368620e-03    1.150000e-01    1.165000e-01    1.763000e-01    4.760000e-02    3.640000e-02
2.631800e-03    1.224000e-01    1.114000e-01    1.954000e-01    5.140000e-02    3.990000e-02
2.894980e-03    1.265000e-01    1.067000e-01    2.145000e-01    5.500000e-02    4.330000e-02
3.158160e-03    1.288000e-01    1.025000e-01    2.338000e-01    5.850000e-02    4.670000e-02
3.421340e-03    1.303000e-01    9.867000e-02    2.534000e-01    6.200000e-02    5.000000e-02
3.684520e-03    1.314000e-01    9.516000e-02    2.732000e-01    6.550000e-02    5.330000e-02
4.210880e-03    1.338000e-01    8.895000e-02    3.137000e-01    7.240000e-02    5.970000e-02
4.737240e-03    1.371000e-01    8.362000e-02    3.550000e-01    7.910000e-02    6.610000e-02
5.263600e-03    1.414000e-01    7.899000e-02    3.966000e-01    8.560000e-02    7.240000e-02
5.789960e-03    1.467000e-01    7.493000e-02    4.383000e-01    9.180000e-02    7.870000e-02
6.316320e-03    1.529000e-01    7.132000e-02    4.798000e-01    9.760000e-02    8.480000e-02
6.842680e-03    1.597000e-01    6.810000e-02    5.209000e-01    1.032000e-01    9.080000e-02
7.369040e-03    1.670000e-01    6.519000e-02    5.613000e-01    1.084000e-01    9.670000e-02
7.895400e-03    1.746000e-01    6.256000e-02    6.011000e-01    1.133000e-01    1.024000e-01
8.421761e-03    1.825000e-01    6.017000e-02    6.401000e-01    1.178000e-01    1.079000e-01
8.948121e-03    1.905000e-01    5.798000e-02    6.782000e-01    1.221000e-01    1.132000e-01
9.474481e-03    1.986000e-01    5.596000e-02    7.156000e-01    1.261000e-01    1.183000e-01
1.052720e-02    2.147000e-01    5.238000e-02    7.879000e-01    1.336000e-01    1.279000e-01
1.184310e-02    2.345000e-01    4.858000e-02    8.739000e-01    1.418000e-01    1.390000e-01
1.315900e-02    2.536000e-01    4.536000e-02    9.556000e-01    1.489000e-01    1.490000e-01
1.447490e-02    2.718000e-01    4.259000e-02    1.030000e+00    1.551000e-01    1.581000e-01
1.579080e-02    2.890000e-01    4.018000e-02    1.110000e+00    1.606000e-01    1.665000e-01
1.710670e-02    3.054000e-01    3.806000e-02    1.180000e+00    1.655000e-01    1.741000e-01
1.842260e-02    3.209000e-01    3.618000e-02    1.250000e+00    1.699000e-01    1.811000e-01
1.973850e-02    3.356000e-01    3.450000e-02    1.310000e+00    1.739000e-01    1.877000e-01
2.105440e-02    3.496000e-01    3.299000e-02    1.380000e+00    1.775000e-01    1.938000e-01
2.368620e-02    3.759000e-01    3.037000e-02    1.500000e+00    1.843000e-01    2.047000e-01
2.631800e-02    4.001000e-01    2.818000e-02    1.620000e+00    1.901000e-01    2.144000e-01
2.894980e-02    4.229000e-01    2.631000e-02    1.730000e+00    1.951000e-01    2.231000e-01
3.158160e-02    4.445000e-01    2.470000e-02    1.840000e+00    1.996000e-01    2.309000e-01
3.421340e-02    4.652000e-01    2.330000e-02    1.940000e+00    2.035000e-01    2.380000e-01
3.684520e-02    4.854000e-01    2.206000e-02    2.040000e+00    2.071000e-01    2.445000e-01
4.210880e-02    5.246000e-01    1.998000e-02    2.220000e+00    2.140000e-01    2.559000e-01
4.737240e-02    5.628000e-01    1.829000e-02    2.400000e+00    2.197000e-01    2.657000e-01
5.263600e-02    6.008000e-01    1.689000e-02    2.560000e+00    2.245000e-01    2.742000e-01
5.789960e-02    6.387000e-01    1.571000e-02    2.720000e+00    2.286000e-01    2.816000e-01
6.316320e-02    6.767000e-01    1.470000e-02    2.870000e+00    2.322000e-01    2.882000e-01
6.842680e-02    7.147000e-01    1.382000e-02    3.000000e+00    2.353000e-01    2.941000e-01
7.369040e-02    7.526000e-01    1.305000e-02    3.140000e+00    2.380000e-01    2.993000e-01
7.895400e-02    7.905000e-01    1.236000e-02    3.260000e+00    2.404000e-01    3.041000e-01
8.421761e-02    8.282000e-01    1.176000e-02    3.380000e+00    2.426000e-01    3.084000e-01
8.948121e-02    8.655000e-01    1.121000e-02    3.500000e+00    2.445000e-01    3.123000e-01
9.474481e-02    9.024000e-01    1.072000e-02    3.610000e+00    2.462000e-01    3.158000e-01
1.052720e-01    9.745000e-01    9.860000e-03    3.820000e+00    2.501000e-01    3.221000e-01
1.184310e-01    1.060000e+00    8.979000e-03    4.060000e+00    2.545000e-01    3.287000e-01
1.315900e-01    1.140000e+00    8.253000e-03    4.290000e+00    2.582000e-01    3.342000e-01
1.447490e-01    1.212000e+00    7.644000e-03    4.500000e+00    2.613000e-01    3.390000e-01
1.579080e-01    1.278000e+00    7.126000e-03    4.700000e+00    2.640000e-01    3.431000e-01
1.710670e-01    1.336000e+00    6.679000e-03    4.890000e+00    2.664000e-01    3.467000e-01
1.842260e-01    1.387000e+00    6.288000e-03    5.070000e+00    2.685000e-01    3.500000e-01
1.973850e-01    1.431000e+00    5.944000e-03    5.240000e+00    2.705000e-01    3.529000e-01
2.105440e-01    1.469000e+00    5.639000e-03    5.420000e+00    2.723000e-01    3.556000e-01
2.368620e-01    1.527000e+00    5.119000e-03    5.750000e+00    2.776000e-01    3.604000e-01
2.631800e-01    1.567000e+00    4.693000e-03    6.070000e+00    2.824000e-01    3.646000e-01
2.894980e-01    1.591000e+00    4.337000e-03    6.380000e+00    2.869000e-01    3.683000e-01
3.158160e-01    1.604000e+00    4.035000e-03    6.700000e+00    2.911000e-01    3.718000e-01
3.421340e-01    1.609000e+00    3.775000e-03    7.010000e+00    2.952000e-01    3.749000e-01
3.684520e-01    1.608000e+00    3.549000e-03    7.320000e+00    2.992000e-01    3.779000e-01
4.210880e-01    1.592000e+00    3.173000e-03    7.940000e+00    3.133000e-01    3.835000e-01
4.737240e-01    1.566000e+00    2.874000e-03    8.570000e+00    3.270000e-01    3.886000e-01
5.263600e-01    1.536000e+00    2.630000e-03    9.210000e+00    3.405000e-01    3.934000e-01
5.789960e-01    1.504000e+00    2.426000e-03    9.870000e+00    3.541000e-01    3.981000e-01
6.316320e-01    1.472000e+00    2.253000e-03    1.054000e+01    3.676000e-01    4.027000e-01
6.842680e-01    1.441000e+00    2.105000e-03    1.123000e+01    3.812000e-01    4.071000e-01
7.369040e-01    1.411000e+00    1.976000e-03    1.193000e+01    3.948000e-01    4.115000e-01
7.895400e-01    1.382000e+00    1.863000e-03    1.264000e+01    4.085000e-01    4.159000e-01
8.421761e-01    1.355000e+00    1.763000e-03    1.337000e+01    4.223000e-01    4.203000e-01
8.948121e-01    1.328000e+00    1.674000e-03    1.412000e+01    4.362000e-01    4.247000e-01
9.474481e-01    1.303000e+00    1.594000e-03    1.487000e+01    4.501000e-01    4.291000e-01
1.052720e+00    1.256000e+00    1.456000e-03    1.644000e+01    5.031000e-01    4.379000e-01
1.184310e+00    1.203000e+00    1.315000e-03    1.847000e+01    5.813000e-01    4.493000e-01
1.315900e+00    1.155000e+00    1.201000e-03    2.058000e+01    6.559000e-01    4.610000e-01
1.447490e+00    1.113000e+00    1.106000e-03    2.279000e+01    7.279000e-01    4.731000e-01
1.579080e+00    1.074000e+00    1.026000e-03    2.507000e+01    7.982000e-01    4.857000e-01
1.710670e+00    1.038000e+00    9.566000e-04    2.744000e+01    8.673000e-01    4.987000e-01
1.842260e+00    1.005000e+00    8.969000e-04    2.988000e+01    9.355000e-01    5.121000e-01
1.973850e+00    9.754000e-01    8.446000e-04    3.241000e+01    1.000000e+00    5.261000e-01
2.105440e+00    9.583000e-01    7.983000e-04    3.499000e+01    1.070000e+00    5.405000e-01
2.368620e+00    9.234000e-01    7.202000e-04    4.030000e+01    1.310000e+00    5.703000e-01
2.631800e+00    8.770000e-01    6.567000e-04    4.585000e+01    1.530000e+00    6.017000e-01
2.894980e+00    8.356000e-01    6.041000e-04    5.169000e+01    1.740000e+00    6.348000e-01
3.158160e+00    7.992000e-01    5.596000e-04    5.781000e+01    1.950000e+00    6.697000e-01
3.421340e+00    7.667000e-01    5.215000e-04    6.419000e+01    2.150000e+00    7.063000e-01
3.684520e+00    7.375000e-01    4.886000e-04    7.084000e+01    2.350000e+00    7.445000e-01
4.210880e+00    6.865000e-01    4.343000e-04    8.489000e+01    3.080000e+00    8.259000e-01
4.737240e+00    6.430000e-01    3.913000e-04    9.993000e+01    3.750000e+00    9.133000e-01
5.263600e+00    6.051000e-01    3.564000e-04    1.159600e+02    4.390000e+00    1.010000e+00
5.789960e+00    5.715000e-01    3.275000e-04    1.329600e+02    5.010000e+00    1.110000e+00
6.316320e+00    5.413000e-01    3.032000e-04    1.509400e+02    5.620000e+00    1.210000e+00
6.842680e+00    5.139000e-01    2.823000e-04    1.698900e+02    6.230000e+00    1.320000e+00
7.369040e+00    4.888000e-01    2.643000e-04    1.898400e+02    6.850000e+00    1.440000e+00
7.895400e+00    4.658000e-01    2.486000e-04    2.107900e+02    7.470000e+00    1.560000e+00
8.421761e+00    4.445000e-01    2.346000e-04    2.327600e+02    8.090000e+00    1.680000e+00
8.948121e+00    4.248000e-01    2.223000e-04    2.557600e+02    8.730000e+00    1.810000e+00
9.474481e+00    4.065000e-01    2.112000e-04    2.798200e+02    9.380000e+00    1.950000e+00
1.052720e+01    3.737000e-01    1.922000e-04    3.311300e+02    1.187000e+01    2.240000e+00
1.184310e+01    3.384000e-01    1.730000e-04    4.014300e+02    1.550000e+01    2.640000e+00
1.315900e+01    3.085000e-01    1.574000e-04    4.787900e+02    1.899000e+01    3.080000e+00
1.447490e+01    2.831000e-01    1.445000e-04    5.633700e+02    2.247000e+01    3.560000e+00
1.579080e+01    2.613000e-01    1.336000e-04    6.552700e+02    2.598000e+01    4.080000e+00
1.710670e+01    2.427000e-01    1.243000e-04    7.545200e+02    2.955000e+01    4.640000e+00
1.842260e+01    2.267000e-01    1.163000e-04    8.610900e+02    3.319000e+01    5.240000e+00
1.973850e+01    2.129000e-01    1.093000e-04    9.748800e+02    3.692000e+01    5.880000e+00
2.105440e+01    2.010000e-01    1.031000e-04    1.100000e+03    4.071000e+01    6.570000e+00
2.368620e+01    1.820000e-01    9.270000e-05    1.360000e+03    5.505000e+01    8.050000e+00
2.631800e+01    1.679000e-01    8.428000e-05    1.640000e+03    6.838000e+01    9.680000e+00
2.894980e+01    1.576000e-01    7.732000e-05    1.950000e+03    8.108000e+01    1.142000e+01
3.158160e+01    1.480000e-01    7.146000e-05    2.280000e+03    9.344000e+01    1.328000e+01
3.421340e+01    1.386000e-01    6.646000e-05    2.630000e+03    1.057500e+02    1.525000e+01
3.684520e+01    1.305000e-01    6.214000e-05    3.000000e+03    1.181600e+02    1.734000e+01
4.210880e+01    1.171000e-01    5.504000e-05    3.810000e+03    1.646300e+02    2.187000e+01
4.737240e+01    1.065000e-01    4.945000e-05    4.700000e+03    2.078700e+02    2.684000e+01
5.263600e+01    9.784000e-02    4.493000e-05    5.680000e+03    2.499800e+02    3.226000e+01
5.789960e+01    9.067000e-02    4.120000e-05    6.740000e+03    2.917800e+02    3.810000e+01
6.316320e+01    8.462000e-02    3.806000e-05    7.890000e+03    3.336600e+02    4.435000e+01
6.842680e+01    7.945000e-02    3.538000e-05    9.110000e+03    3.757900e+02    5.100000e+01
7.369040e+01    7.497000e-02    3.306000e-05    1.040000e+04    4.183000e+02    5.804000e+01
7.895400e+01    7.105000e-02    3.104000e-05    1.177000e+04    4.612200e+02    6.545000e+01
8.421761e+01    6.760000e-02    2.926000e-05    1.321000e+04    5.045700e+02    7.323000e+01
8.948121e+01    6.453000e-02    2.769000e-05    1.473000e+04    5.483700e+02    8.137000e+01
9.474481e+01    6.178000e-02    2.628000e-05    1.631000e+04    5.926100e+02    8.985000e+01
1.052720e+02    5.707000e-02    2.386000e-05    1.968000e+04    7.608800e+02    1.078100e+02
1.184310e+02    5.231000e-02    2.142000e-05    2.426000e+04    9.995900e+02    1.320500e+02
1.315900e+02    4.845000e-02    1.945000e-05    2.922000e+04    1.220000e+03    1.581600e+02
1.447490e+02    4.527000e-02    1.782000e-05    3.456000e+04    1.440000e+03    1.860000e+02
1.579080e+02    4.260000e-02    1.645000e-05    4.025000e+04    1.650000e+03    2.154700e+02
1.710670e+02    4.033000e-02    1.528000e-05    4.628000e+04    1.860000e+03    2.464700e+02
1.842260e+02    3.837000e-02    1.428000e-05    5.264000e+04    2.060000e+03    2.789000e+02
1.973850e+02    3.666000e-02    1.340000e-05    5.930000e+04    2.270000e+03    3.126800e+02
2.105440e+02    3.516000e-02    1.263000e-05    6.627000e+04    2.470000e+03    3.477300e+02
2.368620e+02    3.265000e-02    1.133000e-05    8.102000e+04    3.240000e+03    4.213400e+02
2.631800e+02    3.064000e-02    1.028000e-05    9.683000e+04    3.940000e+03    4.991700e+02
2.894980e+02    2.899000e-02    9.416000e-06    1.136100e+05    4.600000e+03    5.807100e+02
3.158160e+02    2.761000e-02    8.690000e-06    1.312800e+05    5.240000e+03    6.655300e+02
3.421340e+02    2.645000e-02    8.071000e-06    1.497900e+05    5.860000e+03    7.532500e+02
3.684520e+02    2.545000e-02    7.537000e-06    1.690600e+05    6.460000e+03    8.435200e+02
4.210880e+02    2.384000e-02    6.662000e-06    2.096600e+05    8.650000e+03    1.030000e+03
4.737240e+02    2.260000e-02    5.974000e-06    2.527500e+05    1.058000e+04    1.220000e+03
5.263600e+02    2.162000e-02    5.419000e-06    2.979900e+05    1.237000e+04    1.420000e+03
5.789960e+02    2.083000e-02    4.961000e-06    3.451200e+05    1.406000e+04    1.630000e+03
6.316320e+02    2.018000e-02    4.577000e-06    3.938900e+05    1.566000e+04    1.830000e+03
6.842680e+02    1.964000e-02    4.250000e-06    4.441100e+05    1.720000e+04    2.040000e+03
