   Ion       dE/dx      dE/dx     Projected   Longitudinal   Lateral
  Energy     Elec.      Nuclear     Range     Straggling    Straggling
  (MeV)     (MeV/um)    (MeV/um)    (um)         (um)          (um)
---------- ---------- ----------  ----------  ------------  -----------
  10.00E-03   4.283E-02  8.659E-04    2625E-04      697E-04      723E-04
  11.00E-03   4.480E-02  8.096E-04    2826E-04      718E-04      754E-04
  12.00E-03   4.667E-02  7.610E-04    3021E-04      737E-04      783E-04
  13.00E-03   4.844E-02  7.185E-04    3211E-04      754E-04      810E-04
  14.00E-03   5.014E-02  6.810E-04    3395E-04      770E-04      834E-04
  15.00E-03   5.176E-02  6.476E-04    3574E-04      784E-04      858E-04
  16.00E-03   5.330E-02  6.178E-04    3749E-04      798E-04      879E-04
  17.00E-03   5.478E-02  5.908E-04    3920E-04      810E-04      900E-04
  18.00E-03   5.620E-02  5.663E-04    4088E-04      821E-04      919E-04
  20.00E-03   5.886E-02  5.236E-04    4412E-04      843E-04      955E-04
  22.50E-03   6.189E-02  4.793E-04    4802E-04      866E-04      995E-04
  25.00E-03   6.463E-02  4.425E-04    5176E-04      887E-04     1031E-04
  27.50E-03   6.710E-02  4.115E-04    5537E-04      905E-04     1064E-04
  30.00E-03   6.933E-02  3.849E-04    5888E-04      921E-04     1094E-04
  32.50E-03   7.135E-02  3.618E-04    6229E-04      936E-04     1122E-04
  35.00E-03   7.316E-02  3.416E-04    6562E-04      949E-04     1148E-04
  37.50E-03   7.479E-02  3.237E-04    6889E-04      962E-04     1172E-04
  40.00E-03   7.625E-02  3.078E-04    7209E-04      973E-04     1195E-04
  45.00E-03   7.871E-02  2.806E-04    7836E-04      996E-04     1237E-04
  50.00E-03   8.062E-02  2.582E-04    8447E-04     1016E-04     1276E-04
  55.00E-03   8.207E-02  2.393E-04    9047E-04     1035E-04     1311E-04
  60.00E-03   8.312E-02  2.233E-04    9640E-04     1052E-04     1345E-04
  65.00E-03   8.382E-02  2.094E-04    1.02E+00     1068E-04  	1376E-04
  70.00E-03   8.422E-02  1.972E-04    1.08E+00     1083E-04  	1406E-04
  80.00E-03   8.431E-02  1.771E-04    1.20E+00     1117E-04  	1463E-04
  90.00E-03   8.367E-02  1.609E-04    1.32E+00     1150E-04  	1517E-04
 100.00E-03   8.252E-02  1.476E-04    1.43E+00     1181E-04  	1568E-04
 110.00E-03   8.101E-02  1.365E-04    1.56E+00     1211E-04  	1618E-04
 120.00E-03   7.929E-02  1.271E-04    1.68E+00     1241E-04  	1667E-04
 130.00E-03   7.743E-02  1.189E-04    1.80E+00     1271E-04  	1716E-04
 140.00E-03   7.550E-02  1.119E-04    1.93E+00     1301E-04  	1765E-04
 150.00E-03   7.355E-02  1.056E-04    2.07E+00     1331E-04  	1814E-04
 160.00E-03   7.161E-02  1.001E-04    2.20E+00     1362E-04  	1864E-04
 170.00E-03   6.971E-02  9.518E-05    2.34E+00     1393E-04  	1914E-04
 180.00E-03   6.787E-02  9.074E-05    2.49E+00     1425E-04  	1966E-04
 200.00E-03   6.437E-02  8.307E-05    2.79E+00     1520E-04  	2071E-04
 225.00E-03   6.041E-02  7.524E-05    3.19E+00     1663E-04  	2208E-04
 250.00E-03   5.688E-02  6.884E-05    3.61E+00     1810E-04  	2353E-04
 275.00E-03   5.376E-02  6.351E-05    4.06E+00     1962E-04  	2506E-04
 300.00E-03   5.100E-02  5.899E-05    4.54E+00     2118E-04  	2668E-04
 325.00E-03   4.854E-02  5.511E-05    5.04E+00     2278E-04  	2838E-04
 350.00E-03   4.634E-02  5.174E-05    5.56E+00     2443E-04  	3016E-04
 375.00E-03   4.436E-02  4.878E-05    6.11E+00     2612E-04  	3203E-04
 400.00E-03   4.258E-02  4.616E-05    6.68E+00     2785E-04  	3399E-04
 450.00E-03   3.949E-02  4.173E-05    7.90E+00     3366E-04  	3814E-04
 500.00E-03   3.691E-02  3.812E-05    9.20E+00     3934E-04  	4261E-04
 550.00E-03   3.471E-02  3.511E-05   10.59E+00     4497E-04  	4739E-04
 600.00E-03   3.283E-02  3.257E-05   12.07E+00     5060E-04  	5244E-04
 650.00E-03   3.119E-02  3.040E-05   13.62E+00     5623E-04  	5777E-04
 700.00E-03   2.976E-02  2.851E-05   15.26E+00     6189E-04  	6336E-04
 800.00E-03   2.738E-02  2.539E-05   18.75E+00     8114E-04  	7525E-04
 900.00E-03   2.551E-02  2.291E-05   22.52E+00     9909E-04  	8800E-04
   1.00E+00   2.402E-02  2.090E-05   26.55E+00     1.16E+00     1.02E+00
   1.10E+00   2.328E-02  1.923E-05   30.76E+00     1.33E+00     1.16E+00
   1.20E+00   2.258E-02  1.782E-05   35.11E+00     1.48E+00     1.30E+00
   1.30E+00   2.162E-02  1.662E-05   39.62E+00     1.64E+00     1.44E+00
   1.40E+00   2.072E-02  1.557E-05   44.33E+00     1.79E+00     1.60E+00
   1.50E+00   1.989E-02  1.465E-05   49.24E+00     1.94E+00     1.75E+00
   1.60E+00   1.911E-02  1.384E-05   54.36E+00     2.10E+00     1.91E+00
   1.70E+00   1.838E-02  1.313E-05   59.68E+00     2.26E+00     2.08E+00
   1.80E+00   1.768E-02  1.248E-05   65.21E+00     2.41E+00     2.25E+00
   2.00E+00   1.642E-02  1.137E-05   76.92E+00     2.98E+00     2.60E+00
   2.25E+00   1.507E-02  1.025E-05   92.77E+00     3.78E+00     3.08E+00
   2.50E+00   1.392E-02  9.334E-06  110.00E+00     4.56E+00     3.59E+00
   2.75E+00   1.294E-02  8.577E-06  128.58E+00     5.33E+00     4.13E+00
   3.00E+00   1.210E-02  7.939E-06  148.51E+00     6.10E+00     4.71E+00
   3.25E+00   1.138E-02  7.394E-06  169.77E+00     6.87E+00     5.33E+00
   3.50E+00   1.074E-02  6.922E-06  192.34E+00     7.65E+00     5.98E+00
   3.75E+00   1.017E-02  6.509E-06  216.21E+00     8.45E+00     6.67E+00
   4.00E+00   9.673E-03  6.145E-06  241.35E+00     9.25E+00     7.39E+00
   4.50E+00   8.818E-03  5.531E-06  295.39E+00    12.16E+00     8.92E+00
   5.00E+00   8.114E-03  5.034E-06  354.39E+00    14.91E+00    10.59E+00
   5.50E+00   7.523E-03  4.622E-06  418.26E+00    17.61E+00    12.39E+00
   6.00E+00   7.020E-03  4.275E-06  486.93E+00    20.30E+00    14.32E+00
   6.50E+00   6.586E-03  3.979E-06  560.32E+00    23.01E+00    16.37E+00
   7.00E+00   6.206E-03  3.723E-06  638.38E+00    25.74E+00    18.54E+00
   8.00E+00   5.575E-03  3.302E-06  808.08E+00    35.59E+00    23.24E+00
   9.00E+00   5.071E-03  2.969E-06  995.82E+00    44.82E+00    28.41E+00
  10.00E+00   4.657E-03  2.700E-06    1.20E+03    53.88E+00    34.05E+00
  11.00E+00   4.310E-03  2.478E-06    1.42E+03    62.91E+00    40.12E+00
  12.00E+00   4.016E-03  2.290E-06    1.66E+03    72.03E+00    46.64E+00
  13.00E+00   3.763E-03  2.130E-06    1.92E+03    81.25E+00    53.60E+00
  14.00E+00   3.543E-03  1.992E-06    2.19E+03    90.62E+00    60.97E+00
  15.00E+00   3.349E-03  1.872E-06    2.48E+03   100.15E+00    68.77E+00
  16.00E+00   3.177E-03  1.765E-06    2.79E+03   109.84E+00    76.98E+00
  17.00E+00   3.024E-03  1.671E-06    3.11E+03   119.70E+00    85.59E+00
  18.00E+00   2.886E-03  1.586E-06    3.45E+03   129.74E+00    94.61E+00
  20.00E+00   2.648E-03  1.442E-06    4.17E+03   166.70E+00   113.83E+00
  22.50E+00   2.405E-03  1.295E-06    5.16E+03   219.56E+00   140.04E+00
  25.00E+00   2.207E-03  1.177E-06    6.24E+03   269.81E+00   168.61E+00
  27.50E+00   2.042E-03  1.079E-06    7.42E+03   319.17E+00   199.47E+00
  30.00E+00   1.903E-03  9.967E-07    8.69E+03   368.41E+00   232.57E+00
  32.50E+00   1.783E-03  9.265E-07   10.04E+03   417.91E+00   267.86E+00
  35.00E+00   1.679E-03  8.659E-07   11.48E+03   467.90E+00   305.30E+00
  37.50E+00   1.588E-03  8.131E-07   13.01E+03   518.49E+00   344.84E+00
  40.00E+00   1.508E-03  7.665E-07   14.62E+03   569.75E+00   386.43E+00
  45.00E+00   1.372E-03  6.882E-07   18.10E+03   758.25E+00   475.66E+00
  50.00E+00   1.261E-03  6.250E-07   21.89E+03   935.57E+00   572.69E+00
  55.00E+00   1.169E-03  5.727E-07   26.01E+03     1.11E+03   677.23E+00
  60.00E+00   1.091E-03  5.288E-07   30.43E+03     1.28E+03   789.05E+00
  65.00E+00   1.025E-03  4.914E-07   35.15E+03     1.45E+03   907.89E+00
  70.00E+00   9.674E-04  4.591E-07   40.16E+03     1.62E+03     1.03E+03
  80.00E+00   8.727E-04  4.061E-07   51.03E+03     2.25E+03     1.30E+03
  90.00E+00   7.978E-04  3.644E-07   63.00E+03     2.83E+03     1.60E+03
 100.00E+00   7.371E-04  3.307E-07   76.03E+03     3.40E+03     1.92E+03
 110.00E+00   6.869E-04  3.030E-07   90.06E+03     3.96E+03     2.26E+03
 120.00E+00   6.447E-04  2.796E-07  105.07E+03     4.51E+03     2.62E+03
 130.00E+00   6.086E-04  2.597E-07  121.01E+03     5.07E+03     3.01E+03
 140.00E+00   5.774E-04  2.426E-07  137.86E+03     5.62E+03     3.41E+03
 150.00E+00   5.503E-04  2.276E-07  155.58E+03     6.18E+03     3.83E+03
 160.00E+00   5.263E-04  2.144E-07  174.13E+03     6.74E+03     4.27E+03
 170.00E+00   5.051E-04  2.028E-07  193.50E+03     7.31E+03     4.72E+03
 180.00E+00   4.862E-04  1.923E-07  213.66E+03     7.88E+03     5.19E+03
 200.00E+00   4.538E-04  1.745E-07  256.19E+03     9.97E+03     6.17E+03
 225.00E+00   4.212E-04  1.565E-07  313.32E+03    12.90E+03     7.47E+03
 250.00E+00   3.949E-04  1.419E-07  374.55E+03    15.61E+03     8.85E+03
 275.00E+00   3.734E-04  1.300E-07  439.59E+03    18.19E+03    10.29E+03
 300.00E+00   3.554E-04  1.199E-07  508.14E+03    20.69E+03    11.79E+03
 325.00E+00   3.402E-04  1.113E-07  579.97E+03    23.13E+03    13.34E+03
 350.00E+00   3.271E-04  1.039E-07  654.83E+03    25.52E+03    14.93E+03
 375.00E+00   3.159E-04  9.747E-08  732.52E+03    27.88E+03    16.57E+03
 400.00E+00   3.060E-04  9.181E-08  812.85E+03    30.20E+03    18.24E+03
 450.00E+00   2.897E-04  8.229E-08  980.64E+03    38.57E+03    21.67E+03
 500.00E+00   2.768E-04  7.462E-08    1.16E+06    46.10E+03    25.20E+03
 550.00E+00   2.663E-04  6.829E-08    1.34E+06    53.10E+03    28.81E+03
 600.00E+00   2.578E-04  6.298E-08    1.53E+06    59.72E+03    32.46E+03
 650.00E+00   2.506E-04  5.846E-08    1.73E+06    66.04E+03    36.15E+03
 700.00E+00   2.447E-04  5.456E-08    1.93E+06    72.11E+03    39.86E+03
 800.00E+00   2.352E-04  4.818E-08    2.35E+06    93.41E+03    47.32E+03
 900.00E+00   2.283E-04  4.317E-08    2.78E+06   111.83E+03    54.77E+03
   1.00E+03   2.230E-04  3.913E-08    3.22E+06   128.46E+03    62.17E+03
   1.10E+03   2.190E-04  3.580E-08    3.67E+06   143.77E+03    69.47E+03
   1.20E+03   2.158E-04  3.301E-08    4.13E+06   158.05E+03    76.67E+03
   1.30E+03   2.134E-04  3.063E-08    4.60E+06   171.49E+03    83.75E+03
   1.40E+03   2.115E-04  2.858E-08    5.07E+06   184.21E+03    90.71E+03
   1.50E+03   2.100E-04  2.680E-08    5.54E+06   196.30E+03    97.53E+03
   1.60E+03   2.088E-04  2.523E-08    6.02E+06   207.84E+03   104.22E+03
   1.70E+03   2.079E-04  2.384E-08    6.50E+06   218.88E+03   110.78E+03
   1.80E+03   2.073E-04  2.260E-08    6.98E+06   229.47E+03   117.20E+03
   2.00E+03   2.064E-04  2.048E-08    7.95E+06   267.53E+03   129.67E+03
   2.25E+03   2.060E-04  1.834E-08    9.16E+06   318.19E+03   144.56E+03
   2.50E+03   2.061E-04  1.662E-08   10.37E+06   361.90E+03   158.75E+03
   2.75E+03   2.065E-04  1.520E-08   11.58E+06   400.80E+03   172.27E+03
   3.00E+03   2.071E-04  1.401E-08   12.79E+06   436.09E+03   185.18E+03
   3.25E+03   2.079E-04  1.299E-08   14.00E+06   468.52E+03   197.54E+03
   3.50E+03   2.088E-04  1.212E-08   15.20E+06   498.63E+03   209.40E+03
   3.75E+03   2.097E-04  1.136E-08   16.39E+06   526.78E+03   220.78E+03
   4.00E+03   2.107E-04  1.069E-08   17.58E+06   553.28E+03   231.74E+03
   4.50E+03   2.127E-04  9.575E-09   19.94E+06   646.73E+03   252.49E+03
   5.00E+03   2.147E-04  8.673E-09   22.28E+06   726.86E+03   271.88E+03
   5.50E+03   2.167E-04  7.930E-09   24.59E+06   797.72E+03   290.09E+03
   6.00E+03   2.187E-04  7.307E-09   26.89E+06   861.67E+03   307.27E+03
   6.50E+03   2.206E-04  6.777E-09   29.17E+06   920.19E+03   323.54E+03
   7.00E+03   2.224E-04  6.321E-09   31.42E+06   974.33E+03   339.00E+03
   8.00E+03   2.258E-04  5.575E-09   35.88E+06     1.16E+06   367.84E+03
   9.00E+03   2.290E-04  4.990E-09   40.28E+06     1.32E+06   394.34E+03
  10.00E+03   2.319E-04  4.519E-09   44.62E+06     1.45E+06   418.88E+03
