   Ion       dE/dx      dE/dx     Projected   Longitudinal   Lateral
  Energy     Elec.      Nuclear     Range     Straggling    Straggling
 (MeV/u)    (MeV/um)    (MeV/um)    (um)         (um)          (um)
---------- ---------- ----------  ----------  ------------  -----------
2.500e-03   3.498E-02  9.046E-03    1895E-04	  675E-04      602E-04
2.750e-03   3.674E-02  8.553E-03    2077E-04	  716E-04      647E-04
3.000e-03   3.842E-02  8.119E-03    2255E-04	  754E-04      689E-04
3.250e-03   4.004E-02  7.734E-03    2431E-04	  790E-04      730E-04
3.500e-03   4.161E-02  7.388E-03    2604E-04	  823E-04      769E-04
3.750e-03   4.312E-02  7.076E-03    2774E-04	  855E-04      806E-04
4.000e-03   4.458E-02  6.794E-03    2942E-04	  884E-04      842E-04
4.250e-03   4.601E-02  6.536E-03    3107E-04	  912E-04      876E-04
4.500e-03   4.739E-02  6.300E-03    3269E-04	  938E-04      909E-04
5.000e-03   5.006E-02  5.881E-03    3586E-04	  988E-04      970E-04
5.625e-03   5.323E-02  5.440E-03    3970E-04	 1042E-04     1041E-04
6.250e-03   5.624E-02  5.067E-03    4341E-04	 1091E-04     1107E-04
6.875e-03   5.912E-02  4.749E-03    4700E-04	 1135E-04     1167E-04
7.500e-03   6.188E-02  4.472E-03    5047E-04	 1174E-04     1222E-04
8.125e-03   6.454E-02  4.230E-03    5385E-04	 1210E-04     1274E-04
8.750e-03   6.710E-02  4.015E-03    5712E-04	 1243E-04     1322E-04
9.375e-03   6.959E-02  3.824E-03    6031E-04	 1273E-04     1367E-04
1.000e-02   7.200E-02  3.652E-03    6342E-04	 1300E-04     1409E-04
1.125e-02   7.662E-02  3.355E-03    6941E-04	 1351E-04     1487E-04
1.250e-02   8.101E-02  3.108E-03    7513E-04	 1394E-04     1556E-04
1.375e-02   8.520E-02  2.898E-03    8062E-04	 1433E-04     1619E-04
1.500e-02   8.922E-02  2.718E-03    8589E-04	 1467E-04     1676E-04
1.625e-02   9.309E-02  2.560E-03    9097E-04	 1497E-04     1728E-04
1.750e-02   9.682E-02  2.422E-03    9588E-04	 1524E-04     1776E-04
2.000e-02   1.039E-01  2.190E-03    1.05E+00	 1574E-04     1862E-04
2.250e-02   1.106E-01  2.002E-03    1.14E+00	 1616E-04     1936E-04
2.500e-02   1.169E-01  1.846E-03    1.22E+00	 1652E-04     2002E-04
2.750e-02   1.229E-01  1.715E-03    1.30E+00	 1683E-04     2060E-04
3.000e-02   1.287E-01  1.603E-03    1.38E+00	 1710E-04     2113E-04
3.250e-02   1.341E-01  1.506E-03    1.45E+00	 1735E-04     2160E-04
3.500e-02   1.394E-01  1.421E-03    1.53E+00	 1756E-04     2204E-04
3.750e-02   1.444E-01  1.346E-03    1.59E+00	 1776E-04     2244E-04
4.000e-02   1.492E-01  1.279E-03    1.66E+00	 1794E-04     2280E-04
4.250e-02   1.538E-01  1.219E-03    1.72E+00	 1810E-04     2315E-04
4.500e-02   1.582E-01  1.164E-03    1.79E+00	 1825E-04     2346E-04
5.000e-02   1.666E-01  1.070E-03    1.91E+00	 1856E-04     2404E-04
5.625e-02   1.761E-01  9.737E-04    2.05E+00	 1891E-04     2467E-04
6.250e-02   1.847E-01  8.942E-04    2.19E+00	 1921E-04     2522E-04
6.875e-02   1.924E-01  8.277E-04    2.32E+00	 1948E-04     2571E-04
7.500e-02   1.994E-01  7.710E-04    2.44E+00	 1971E-04     2615E-04
8.125e-02   2.056E-01  7.222E-04    2.57E+00	 1993E-04     2655E-04
8.749e-02   2.111E-01  6.796E-04    2.68E+00	 2012E-04     2692E-04
9.375e-02   2.159E-01  6.421E-04    2.80E+00	 2030E-04     2726E-04
1.000e-01   2.201E-01  6.088E-04    2.91E+00	 2047E-04     2758E-04
1.125e-01   2.269E-01  5.523E-04    3.14E+00	 2089E-04     2816E-04
1.250e-01   2.317E-01  5.060E-04    3.35E+00	 2128E-04     2868E-04
1.375e-01   2.347E-01  4.674E-04    3.57E+00	 2164E-04     2915E-04
1.500e-01   2.364E-01  4.346E-04    3.78E+00	 2198E-04     2960E-04
1.625e-01   2.369E-01  4.064E-04    3.99E+00	 2230E-04     3002E-04
1.750e-01   2.365E-01  3.819E-04    4.20E+00	 2262E-04     3042E-04
2.000e-01   2.335E-01  3.412E-04    4.62E+00	 2362E-04     3117E-04
2.250e-01   2.286E-01  3.089E-04    5.05E+00	 2459E-04     3189E-04
2.500e-01   2.227E-01  2.824E-04    5.49E+00	 2556E-04     3258E-04
2.750e-01   2.163E-01  2.604E-04    5.95E+00	 2654E-04     3326E-04
3.000e-01   2.096E-01  2.418E-04    6.42E+00	 2753E-04     3394E-04
3.250e-01   2.031E-01  2.258E-04    6.90E+00	 2855E-04     3462E-04
3.500e-01   1.967E-01  2.119E-04    7.40E+00	 2958E-04     3531E-04
3.750e-01   1.906E-01  1.997E-04    7.91E+00	 3065E-04     3601E-04
4.000e-01   1.847E-01  1.890E-04    8.45E+00	 3174E-04     3673E-04
4.250e-01   1.792E-01  1.794E-04    8.99E+00	 3285E-04     3745E-04
4.500e-01   1.739E-01  1.707E-04    9.56E+00	 3400E-04     3820E-04
5.000e-01   1.643E-01  1.559E-04   10.74E+00	 3823E-04     3975E-04
5.625e-01   1.536E-01  1.408E-04   12.31E+00	 4464E-04     4181E-04
6.250e-01   1.442E-01  1.285E-04   13.99E+00	 5097E-04     4401E-04
6.875e-01   1.360E-01  1.183E-04   15.77E+00	 5728E-04     4637E-04
7.500e-01   1.287E-01  1.096E-04   17.66E+00	 6362E-04     4889E-04
8.125e-01   1.223E-01  1.022E-04   19.65E+00	 7001E-04     5157E-04
8.750e-01   1.164E-01  9.583E-05   21.74E+00	 7646E-04     5441E-04
9.375e-01   1.112E-01  9.022E-05   23.94E+00	 8298E-04     5742E-04
1.000e+00   1.065E-01  8.526E-05   26.23E+00	 8959E-04     6059E-04
1.125e+00   9.824E-02  7.689E-05   31.11E+00	 1.14E+00     6742E-04
1.250e+00   9.130E-02  7.009E-05   36.39E+00	 1.37E+00     7487E-04
1.375e+00   8.536E-02  6.445E-05   42.05E+00	 1.60E+00     8294E-04
1.500e+00   8.023E-02  5.969E-05   48.08E+00	 1.82E+00     9160E-04
1.625e+00   7.573E-02  5.562E-05   54.49E+00	 2.04E+00     1.01E+00
1.750e+00   7.176E-02  5.209E-05   61.27E+00	 2.27E+00     1.11E+00
2.000e+00   6.505E-02  4.628E-05   75.89E+00	 3.09E+00     1.32E+00
2.250e+00   6.079E-02  4.169E-05   91.78E+00	 3.84E+00     1.55E+00
2.500e+00   5.641E-02  3.796E-05  108.85E+00	 4.55E+00     1.80E+00
2.750e+00   5.233E-02  3.488E-05  127.24E+00	 5.27E+00     2.06E+00
3.000e+00   4.886E-02  3.228E-05  147.00E+00	 5.98E+00     2.34E+00
3.250e+00   4.586E-02  3.005E-05  168.11E+00	 6.71E+00     2.65E+00
3.500e+00   4.325E-02  2.813E-05  190.55E+00	 7.45E+00     2.96E+00
3.750e+00   4.095E-02  2.645E-05  214.29E+00	 8.20E+00     3.30E+00
4.000e+00   3.891E-02  2.496E-05  239.32E+00	 8.96E+00     3.65E+00
4.250e+00   3.708E-02  2.364E-05  265.63E+00	 9.73E+00     4.03E+00
4.500e+00   3.543E-02  2.246E-05  293.20E+00	10.52E+00     4.41E+00
5.000e+00   3.257E-02  2.044E-05  352.04E+00	13.48E+00     5.24E+00
5.625e+00   2.964E-02  1.839E-05  432.45E+00	17.71E+00     6.36E+00
6.250e+00   2.724E-02  1.673E-05  520.37E+00	21.72E+00     7.59E+00
6.875e+00   2.523E-02  1.535E-05  615.68E+00	25.65E+00     8.91E+00
7.500e+00   2.352E-02  1.419E-05  718.25E+00	29.56E+00    10.32E+00
8.125e+00   2.204E-02  1.320E-05  827.97E+00	33.49E+00    11.83E+00
8.750e+00   2.076E-02  1.235E-05  944.76E+00	37.45E+00    13.43E+00
9.375e+00   1.963E-02  1.160E-05    1.07E+03	41.45E+00    15.12E+00
1.000e+01   1.863E-02  1.095E-05    1.20E+03	45.51E+00    16.90E+00
1.125e+01   1.692E-02  9.840E-06    1.48E+03	60.70E+00    20.73E+00
1.250e+01   1.553E-02  8.944E-06    1.79E+03	74.98E+00    24.90E+00
1.375e+01   1.437E-02  8.204E-06    2.12E+03	88.93E+00    29.41E+00
1.500e+01   1.338E-02  7.581E-06    2.48E+03   102.79E+00    34.24E+00
1.625e+01   1.253E-02  7.049E-06    2.87E+03   116.69E+00    39.40E+00
1.750e+01   1.179E-02  6.590E-06    3.28E+03   130.70E+00    44.88E+00
2.000e+01   1.057E-02  5.836E-06    4.18E+03   182.59E+00    56.78E+00
2.250e+01   9.601E-03  5.243E-06    5.17E+03   230.94E+00    69.89E+00
2.500e+01   8.809E-03  4.763E-06    6.26E+03   278.14E+00    84.19E+00
2.750e+01   8.150E-03  4.366E-06    7.43E+03   325.13E+00    99.64E+00
3.000e+01   7.592E-03  4.032E-06    8.71E+03   372.35E+00   116.22E+00
3.250e+01   7.113E-03  3.748E-06   10.07E+03   420.03E+00   133.89E+00
3.500e+01   6.698E-03  3.502E-06   11.51E+03   468.30E+00   152.65E+00
3.750e+01   6.334E-03  3.288E-06   13.05E+03   517.22E+00   172.46E+00
4.000e+01   6.012E-03  3.100E-06   14.67E+03   566.84E+00   193.31E+00
4.250e+01   5.726E-03  2.932E-06   16.37E+03   617.15E+00   215.17E+00
4.500e+01   5.469E-03  2.783E-06   18.16E+03   668.17E+00   238.03E+00
5.000e+01   5.027E-03  2.526E-06   21.97E+03   861.17E+00   286.69E+00
5.625e+01   4.578E-03  2.268E-06   27.18E+03	 1.14E+03   352.82E+00
6.250e+01   4.213E-03  2.058E-06   32.87E+03	 1.40E+03   424.63E+00
6.875e+01   3.910E-03  1.886E-06   39.03E+03	 1.65E+03   501.87E+00
7.500e+01   3.655E-03  1.741E-06   45.64E+03	 1.90E+03   584.36E+00
8.125e+01   3.437E-03  1.617E-06   52.69E+03	 2.15E+03   671.89E+00
8.750e+01   3.248E-03  1.511E-06   60.17E+03	 2.40E+03   764.29E+00
9.375e+01   3.083E-03  1.418E-06   68.06E+03	 2.65E+03   861.37E+00
1.000e+02   2.938E-03  1.336E-06   76.36E+03	 2.90E+03   962.99E+00
1.125e+02   2.693E-03  1.198E-06   94.14E+03	 3.85E+03     1.18E+03
1.250e+02   2.495E-03  1.087E-06  113.42E+03	 4.73E+03     1.41E+03
1.375e+02   2.331E-03  9.956E-07  134.15E+03	 5.57E+03     1.66E+03
1.500e+02   2.193E-03  9.187E-07  156.25E+03	 6.40E+03     1.92E+03
1.625e+02   2.076E-03  8.532E-07  179.68E+03	 7.22E+03     2.20E+03
1.750e+02   1.975E-03  7.967E-07  204.37E+03	 8.03E+03     2.49E+03
2.000e+02   1.809E-03  7.041E-07  257.27E+03	11.00E+03     3.10E+03
2.250e+02   1.679E-03  6.313E-07  314.63E+03	13.69E+03     3.75E+03
2.500e+02   1.575E-03  5.726E-07  376.12E+03	16.24E+03     4.45E+03
2.750e+02   1.489E-03  5.241E-07  441.41E+03	18.71E+03     5.17E+03
3.000e+02   1.417E-03  4.835E-07  510.23E+03	21.12E+03     5.92E+03
3.250e+02   1.357E-03  4.489E-07  582.32E+03	23.48E+03     6.70E+03
3.500e+02   1.305E-03  4.190E-07  657.45E+03	25.80E+03     7.51E+03
3.750e+02   1.260E-03  3.930E-07  735.41E+03	28.08E+03     8.33E+03
4.000e+02   1.221E-03  3.701E-07  816.01E+03	30.34E+03     9.17E+03
4.250e+02   1.186E-03  3.499E-07  899.07E+03	32.57E+03    10.03E+03
4.500e+02   1.156E-03  3.317E-07  984.42E+03	34.77E+03    10.90E+03
5.000e+02   1.105E-03  3.008E-07    1.16E+06	42.90E+03    12.67E+03
5.625e+02   1.054E-03  2.695E-07    1.39E+06	54.04E+03    14.95E+03
6.250e+02   1.014E-03  2.443E-07    1.63E+06	64.02E+03    17.25E+03
6.875e+02   9.827E-04  2.236E-07    1.89E+06	73.22E+03    19.59E+03
7.500e+02   9.569E-04  2.062E-07    2.14E+06	81.86E+03    21.93E+03
8.125e+02   9.358E-04  1.913E-07    2.41E+06	90.05E+03    24.28E+03
8.750e+02   9.183E-04  1.785E-07    2.68E+06	97.86E+03    26.63E+03
9.375e+02   9.036E-04  1.674E-07    2.95E+06   105.34E+03    28.96E+03
1.000e+03   8.912E-04  1.576E-07    3.23E+06   112.53E+03    31.28E+03
1.125e+03   8.718E-04  1.412E-07    3.80E+06   138.30E+03    35.87E+03
1.250e+03   8.577E-04  1.280E-07    4.37E+06   160.77E+03    40.38E+03
1.375e+03   8.474E-04  1.171E-07    4.96E+06   181.00E+03    44.79E+03
1.500e+03   8.398E-04  1.079E-07    5.55E+06   199.56E+03    49.10E+03
1.625e+03   8.343E-04  1.001E-07    6.15E+06   216.79E+03    53.30E+03
1.750e+03   8.303E-04  9.341E-08    6.75E+06   232.93E+03    57.40E+03
2.000e+03   8.257E-04  8.243E-08    7.96E+06   288.97E+03    65.29E+03
2.250e+03   8.243E-04  7.382E-08    9.17E+06   336.11E+03    72.79E+03
2.500e+03   8.247E-04  6.688E-08   10.38E+06   377.46E+03    79.93E+03
