   Ion       dE/dx      dE/dx     Projected   Longitudinal   Lateral
  Energy     Elec.      Nuclear     Range     Straggling    Straggling
 (MeV/u)    (MeV/um)    (MeV/um)    (um)         (um)          (um)
---------- ---------- ----------  ----------  ------------  -----------
7.142e-04   6.078E-02  1.170E-01     484E-04	 175E-04      127E-04
7.857e-04   6.375E-02  1.145E-01     530E-04	 189E-04      137E-04
8.571e-04   6.658E-02  1.120E-01     576E-04	 202E-04      147E-04
9.285e-04   6.930E-02  1.096E-01     622E-04	 216E-04      157E-04
1.000e-03   7.192E-02  1.074E-01     669E-04	 229E-04      167E-04
1.071e-03   7.444E-02  1.052E-01     715E-04	 242E-04      177E-04
1.142e-03   7.688E-02  1.031E-01     762E-04	 254E-04      187E-04
1.214e-03   7.925E-02  1.011E-01     809E-04	 267E-04      197E-04
1.285e-03   8.154E-02  9.922E-02     855E-04	 279E-04      206E-04
1.428e-03   8.595E-02  9.564E-02     949E-04	 302E-04      225E-04
1.607e-03   9.117E-02  9.156E-02    1066E-04	 331E-04      249E-04
1.785e-03   9.610E-02  8.786E-02    1183E-04	 359E-04      272E-04
1.964e-03   1.008E-01  8.449E-02    1301E-04	 385E-04      295E-04
2.142e-03   1.060E-01  8.141E-02    1417E-04	 410E-04      318E-04
2.321e-03   1.110E-01  7.859E-02    1533E-04	 435E-04      340E-04
2.500e-03   1.155E-01  7.599E-02    1648E-04	 458E-04      362E-04
2.678e-03   1.195E-01  7.358E-02    1763E-04	 480E-04      384E-04
2.857e-03   1.232E-01  7.135E-02    1877E-04	 502E-04      405E-04
3.214e-03   1.296E-01  6.733E-02    2104E-04	 544E-04      446E-04
3.571e-03   1.350E-01  6.381E-02    2330E-04	 583E-04      485E-04
3.928e-03   1.397E-01  6.070E-02    2556E-04	 620E-04      523E-04
4.285e-03   1.438E-01  5.792E-02    2781E-04	 656E-04      561E-04
4.642e-03   1.476E-01  5.543E-02    3006E-04	 690E-04      597E-04
5.000e-03   1.511E-01  5.317E-02    3230E-04	 723E-04      633E-04
5.714e-03   1.576E-01  4.925E-02    3677E-04	 787E-04      701E-04
6.428e-03   1.637E-01  4.594E-02    4121E-04	 845E-04      767E-04
7.142e-03   1.696E-01  4.311E-02    4561E-04	 900E-04      830E-04
7.857e-03   1.755E-01  4.066E-02    4996E-04	 951E-04      890E-04
8.571e-03   1.814E-01  3.850E-02    5425E-04	 999E-04      948E-04
9.285e-03   1.874E-01  3.660E-02    5849E-04	1043E-04     1004E-04
1.000e-02   1.934E-01  3.489E-02    6266E-04	1085E-04     1058E-04
1.071e-02   1.995E-01  3.336E-02    6676E-04	1124E-04     1109E-04
1.142e-02   2.056E-01  3.198E-02    7079E-04	1161E-04     1158E-04
1.214e-02   2.118E-01  3.072E-02    7474E-04	1196E-04     1205E-04
1.285e-02   2.180E-01  2.957E-02    7863E-04	1228E-04     1251E-04
1.428e-02   2.305E-01  2.754E-02    8618E-04	1290E-04     1336E-04
1.607e-02   2.461E-01  2.540E-02    9524E-04	1358E-04     1434E-04
1.785e-02   2.617E-01  2.361E-02    1.04E+00	1417E-04     1522E-04
1.964e-02   2.772E-01  2.208E-02    1.12E+00	1469E-04     1603E-04
2.142e-02   2.924E-01  2.076E-02    1.20E+00	1515E-04     1676E-04
2.321e-02   3.074E-01  1.960E-02    1.28E+00	1556E-04     1744E-04
2.500e-02   3.221E-01  1.858E-02    1.35E+00	1593E-04     1806E-04
2.678e-02   3.365E-01  1.768E-02    1.42E+00	1626E-04     1863E-04
2.857e-02   3.507E-01  1.686E-02    1.49E+00	1656E-04     1916E-04
3.214e-02   3.780E-01  1.546E-02    1.61E+00	1713E-04     2011E-04
3.571e-02   4.043E-01  1.429E-02    1.74E+00	1760E-04     2094E-04
3.928e-02   4.295E-01  1.331E-02    1.85E+00	1801E-04     2167E-04
4.285e-02   4.538E-01  1.246E-02    1.96E+00	1836E-04     2232E-04
4.642e-02   4.772E-01  1.173E-02    2.06E+00	1868E-04     2290E-04
5.000e-02   4.998E-01  1.108E-02    2.16E+00	1895E-04     2343E-04
5.714e-02   5.432E-01  1.000E-02    2.35E+00	1950E-04     2435E-04
6.428e-02   5.842E-01  9.127E-03    2.52E+00	1996E-04     2513E-04
7.142e-02   6.232E-01  8.406E-03    2.68E+00	2034E-04     2579E-04
7.857e-02   6.605E-01  7.800E-03    2.83E+00	2066E-04     2638E-04
8.571e-02   6.961E-01  7.282E-03    2.98E+00	2094E-04     2689E-04
9.285e-02   7.301E-01  6.834E-03    3.11E+00	2119E-04     2734E-04
9.999e-02   7.625E-01  6.442E-03    3.25E+00	2141E-04     2775E-04
1.071e-01   7.934E-01  6.096E-03    3.37E+00	2161E-04     2812E-04
1.142e-01   8.228E-01  5.789E-03    3.50E+00	2179E-04     2846E-04
1.214e-01   8.506E-01  5.513E-03    3.61E+00	2195E-04     2877E-04
1.285e-01   8.768E-01  5.265E-03    3.73E+00	2210E-04     2905E-04
1.428e-01   9.248E-01  4.835E-03    3.95E+00	2248E-04     2956E-04
1.607e-01   9.764E-01  4.393E-03    4.21E+00	2294E-04     3011E-04
1.785e-01   1.019E+00  4.030E-03    4.46E+00	2335E-04     3058E-04
1.964e-01   1.055E+00  3.727E-03    4.70E+00	2371E-04     3101E-04
2.142e-01   1.083E+00  3.469E-03    4.93E+00	2404E-04     3138E-04
2.321e-01   1.106E+00  3.247E-03    5.16E+00	2435E-04     3173E-04
2.500e-01   1.123E+00  3.054E-03    5.38E+00	2464E-04     3205E-04
2.678e-01   1.136E+00  2.884E-03    5.60E+00	2492E-04     3234E-04
2.857e-01   1.146E+00  2.733E-03    5.82E+00	2519E-04     3262E-04
3.214e-01   1.156E+00  2.477E-03    6.25E+00	2605E-04     3313E-04
3.571e-01   1.159E+00  2.268E-03    6.68E+00	2688E-04     3360E-04
3.928e-01   1.156E+00  2.093E-03    7.11E+00	2767E-04     3404E-04
4.285e-01   1.149E+00  1.945E-03    7.55E+00	2844E-04     3445E-04
4.642e-01   1.139E+00  1.818E-03    7.98E+00	2920E-04     3485E-04
5.000e-01   1.128E+00  1.707E-03    8.42E+00	2995E-04     3523E-04
5.714e-01   1.102E+00  1.524E-03    9.32E+00	3268E-04     3596E-04
6.428e-01   1.075E+00  1.378E-03   10.23E+00	3532E-04     3667E-04
7.142e-01   1.048E+00  1.260E-03   11.17E+00	3789E-04     3736E-04
7.857e-01   1.021E+00  1.161E-03   12.14E+00	4041E-04     3805E-04
8.571e-01   9.938E-01  1.077E-03   13.13E+00	4291E-04     3873E-04
9.285e-01   9.677E-01  1.006E-03   14.15E+00	4540E-04     3942E-04
1.000e+00   9.425E-01  9.434E-04   15.19E+00	4788E-04     4011E-04
1.071e+00   9.182E-01  8.889E-04   16.27E+00	5035E-04     4081E-04
1.142e+00   8.948E-01  8.406E-04   17.37E+00	5284E-04     4152E-04
1.214e+00   8.724E-01  7.976E-04   18.50E+00	5533E-04     4225E-04
1.285e+00   8.508E-01  7.591E-04   19.66E+00	5784E-04     4299E-04
1.428e+00   8.104E-01  6.927E-04   22.07E+00	6735E-04     4452E-04
1.607e+00   7.647E-01  6.252E-04   25.24E+00	8120E-04     4653E-04
1.785e+00   7.238E-01  5.703E-04   28.60E+00	9433E-04     4866E-04
1.964e+00   6.871E-01  5.247E-04   32.14E+00	1.07E+00     5093E-04
2.142e+00   6.637E-01  4.862E-04   35.84E+00	1.19E+00     5331E-04
2.321e+00   6.409E-01  4.533E-04   39.67E+00	1.31E+00     5580E-04
2.500e+00   6.143E-01  4.247E-04   43.65E+00	1.43E+00     5840E-04
2.678e+00   5.880E-01  3.997E-04   47.81E+00	1.55E+00     6112E-04
2.857e+00   5.643E-01  3.777E-04   52.15E+00	1.67E+00     6398E-04
3.214e+00   5.232E-01  3.404E-04   61.35E+00	2.12E+00     7008E-04
3.571e+00   4.887E-01  3.102E-04   71.23E+00	2.55E+00     7670E-04
3.928e+00   4.594E-01  2.851E-04   81.78E+00	2.96E+00     8382E-04
4.285e+00   4.340E-01  2.640E-04   92.97E+00	3.36E+00     9141E-04
4.642e+00   4.118E-01  2.459E-04  104.80E+00	3.76E+00     9946E-04
5.000e+00   3.922E-01  2.302E-04  117.23E+00	4.15E+00     1.08E+00
5.714e+00   3.587E-01  2.045E-04  143.89E+00	5.62E+00     1.26E+00
6.428e+00   3.310E-01  1.841E-04  172.91E+00	6.97E+00     1.46E+00
7.142e+00   3.076E-01  1.676E-04  204.24E+00	8.27E+00     1.67E+00
7.857e+00   2.873E-01  1.539E-04  237.87E+00	9.55E+00     1.90E+00
8.571e+00   2.696E-01  1.424E-04  273.79E+00    10.83E+00     2.15E+00
9.285e+00   2.538E-01  1.326E-04  312.01E+00    12.12E+00     2.40E+00
1.000e+01   2.396E-01  1.240E-04  352.55E+00    13.42E+00     2.68E+00
1.071e+01   2.269E-01  1.166E-04  395.43E+00    14.74E+00     2.96E+00
1.142e+01   2.152E-01  1.100E-04  440.67E+00    16.08E+00     3.27E+00
1.214e+01   2.046E-01  1.042E-04  488.31E+00    17.45E+00     3.58E+00
1.285e+01   1.949E-01  9.898E-05  538.37E+00    18.85E+00     3.91E+00
1.428e+01   1.776E-01  9.003E-05  645.86E+00    24.25E+00     4.63E+00
1.607e+01   1.596E-01  8.097E-05  794.33E+00    32.12E+00     5.61E+00
1.785e+01   1.446E-01  7.363E-05  958.87E+00    39.72E+00     6.69E+00
1.964e+01   1.322E-01  6.756E-05    1.14E+03    47.28E+00     7.88E+00
2.142e+01   1.220E-01  6.245E-05    1.34E+03    54.92E+00     9.17E+00
2.321e+01   1.135E-01  5.809E-05    1.55E+03    62.67E+00    10.57E+00
2.500e+01   1.065E-01  5.432E-05    1.78E+03    70.50E+00    12.07E+00
2.678e+01   1.009E-01  5.103E-05    2.02E+03    78.38E+00    13.66E+00
2.857e+01   9.645E-02  4.813E-05    2.27E+03    86.25E+00    15.34E+00
3.214e+01   8.850E-02  4.325E-05    2.81E+03   115.45E+00    18.92E+00
3.571e+01   8.119E-02  3.931E-05    3.40E+03   142.58E+00    22.80E+00
3.928e+01   7.511E-02  3.604E-05    4.04E+03   169.05E+00    26.99E+00
4.285e+01   6.998E-02  3.330E-05    4.73E+03   195.33E+00    31.49E+00
4.642e+01   6.559E-02  3.096E-05    5.47E+03   221.64E+00    36.29E+00
5.000e+01   6.178E-02  2.894E-05    6.25E+03   248.10E+00    41.37E+00
5.714e+01   5.550E-02  2.562E-05    7.96E+03   346.65E+00    52.40E+00
6.428e+01   5.054E-02  2.301E-05    9.85E+03   437.96E+00    64.51E+00
7.142e+01   4.652E-02  2.090E-05   11.91E+03   526.61E+00    77.67E+00
7.857e+01   4.319E-02  1.915E-05   14.14E+03   614.34E+00    91.83E+00
8.571e+01   4.038E-02  1.769E-05   16.54E+03   701.97E+00   106.95E+00
9.285e+01   3.798E-02  1.644E-05   19.09E+03   789.90E+00   123.00E+00
1.000e+02   3.591E-02  1.536E-05   21.80E+03   878.35E+00   139.94E+00
1.071e+02   3.410E-02  1.442E-05   24.66E+03   967.42E+00   157.74E+00
1.142e+02   3.251E-02  1.359E-05   27.66E+03	1.06E+03   176.37E+00
1.214e+02   3.109E-02  1.285E-05   30.80E+03	1.15E+03   195.79E+00
1.285e+02   2.983E-02  1.220E-05   34.09E+03	1.24E+03   215.98E+00
1.428e+02   2.767E-02  1.107E-05   41.05E+03	1.58E+03   258.58E+00
1.607e+02   2.548E-02  9.934E-06   50.46E+03	2.07E+03   315.69E+00
1.785e+02   2.372E-02  9.016E-06   60.63E+03     2.52E+03   376.77E+00
1.964e+02   2.227E-02  8.258E-06   71.51E+03     2.96E+03   441.47E+00
2.142e+02   2.105E-02  7.622E-06   83.05E+03     3.38E+03   509.51E+00
2.321e+02   2.002E-02  7.080E-06   95.23E+03     3.79E+03   580.60E+00
2.500e+02   1.913E-02  6.612E-06  108.00E+03     4.20E+03   654.51E+00
2.678e+02   1.836E-02  6.204E-06  121.34E+03     4.61E+03   730.99E+00
2.857e+02   1.769E-02  5.846E-06  135.21E+03     5.01E+03   809.86E+00
3.214e+02   1.656E-02  5.243E-06  164.42E+03     6.50E+03   974.02E+00
3.571e+02   1.566E-02  4.756E-06  195.47E+03     7.85E+03     1.15E+03
3.928e+02   1.493E-02  4.355E-06  228.17E+03     9.11E+03     1.32E+03
4.285e+02   1.432E-02  4.018E-06  262.36E+03    10.32E+03     1.51E+03
4.642e+02   1.381E-02  3.731E-06  297.91E+03    11.49E+03     1.69E+03
5.000e+02   1.338E-02  3.484E-06  334.69E+03    12.61E+03     1.88E+03
5.714e+02   1.268E-02  3.078E-06  411.48E+03    16.65E+03     2.27E+03
6.428e+02   1.215E-02  2.759E-06  492.03E+03    20.18E+03     2.67E+03
7.142e+02   1.174E-02  2.502E-06  575.75E+03    23.41E+03     3.08E+03
