   Ion         dE/dx       dE/dx     Projected   Longitudinal   Lateral
  Energy       Elec.      Nuclear      Range      Straggling   Straggling
  (MeV/u)     (MeV/um)   (MeV/um)      (um)          (um)        (um)
------------  ---------- ----------- -----------  -----------  -----------
6.2500e-04   5.739E-02  1.445E-01     435E-04	   156E-04	113E-04
6.8750e-04   6.019E-02  1.420E-01     476E-04	   168E-04	122E-04
7.5000e-04   6.286E-02  1.395E-01     517E-04	   180E-04	130E-04
8.1250e-04   6.543E-02  1.371E-01     558E-04	   192E-04	139E-04
8.7500e-04   6.790E-02  1.347E-01     599E-04	   204E-04	148E-04
9.3750e-04   7.028E-02  1.325E-01     640E-04	   216E-04	156E-04
1.0000e-03   7.259E-02  1.302E-01     681E-04	   227E-04	165E-04
1.0625e-03   7.482E-02  1.281E-01     723E-04	   238E-04	173E-04
1.1250e-03   7.699E-02  1.260E-01     764E-04	   250E-04	182E-04
1.2500e-03   8.116E-02  1.221E-01     848E-04	   271E-04	199E-04
1.3750e-03   8.608E-02  1.175E-01     953E-04	   298E-04	220E-04
1.5625e-03   9.073E-02  1.133E-01    1058E-04	   324E-04	240E-04
1.6875e-03   9.516E-02  1.094E-01    1164E-04	   349E-04	261E-04
1.8750e-03   9.939E-02  1.058E-01    1269E-04	   374E-04	281E-04
2.0000e-03   1.035E-01  1.025E-01    1375E-04	   397E-04	301E-04
2.1875e-03   1.071E-01  9.940E-02    1481E-04	   420E-04	321E-04
2.3125e-03   1.104E-01  9.652E-02    1588E-04	   443E-04	341E-04
2.5000e-03   1.132E-01  9.383E-02    1694E-04	   465E-04	360E-04
2.8125e-03   1.183E-01  8.896E-02    1908E-04	   507E-04	399E-04
3.1250e-03   1.228E-01  8.464E-02    2123E-04	   549E-04	437E-04
3.4375e-03   1.268E-01  8.080E-02    2339E-04	   588E-04	474E-04
3.7500e-03   1.307E-01  7.734E-02    2555E-04	   627E-04	511E-04
4.0625e-03   1.344E-01  7.421E-02    2772E-04	   664E-04	547E-04
4.3750e-03   1.379E-01  7.137E-02    2989E-04	   699E-04	583E-04
5.0000e-03   1.449E-01  6.639E-02    3423E-04	   768E-04	653E-04
5.6250e-03   1.518E-01  6.215E-02    3854E-04	   833E-04	720E-04
6.2500e-03   1.585E-01  5.850E-02    4282E-04	   893E-04	785E-04
6.8750e-03   1.652E-01  5.532E-02    4705E-04	   949E-04	849E-04
7.5000e-03   1.718E-01  5.251E-02    5122E-04	  1002E-04	909E-04
8.1250e-03   1.783E-01  5.002E-02    5534E-04	  1051E-04	968E-04
8.7500e-03   1.847E-01  4.778E-02    5941E-04	  1097E-04     1025E-04
9.3750e-03   1.910E-01  4.576E-02    6340E-04	  1141E-04     1079E-04
1.0000e-02   1.973E-01  4.393E-02    6734E-04	  1182E-04     1131E-04
1.0625e-02   2.034E-01  4.226E-02    7121E-04	  1221E-04     1182E-04
1.1250e-02   2.095E-01  4.073E-02    7502E-04	  1257E-04     1231E-04
1.2500e-02   2.214E-01  3.802E-02    8247E-04	  1326E-04     1323E-04
1.4063e-02   2.359E-01  3.516E-02    9144E-04	  1404E-04     1429E-04
1.5625e-02   2.499E-01  3.275E-02    1.00E+00	  1473E-04     1526E-04
1.7188e-02   2.636E-01  3.069E-02    1.08E+00	  1534E-04     1616E-04
1.8750e-02   2.770E-01  2.889E-02    1.16E+00	  1588E-04     1698E-04
2.0313e-02   2.901E-01  2.733E-02    1.24E+00	  1637E-04     1775E-04
2.1875e-02   3.029E-01  2.594E-02    1.32E+00	  1682E-04     1846E-04
2.3438e-02   3.155E-01  2.470E-02    1.39E+00	  1722E-04     1912E-04
2.5000e-02   3.279E-01  2.358E-02    1.46E+00	  1759E-04     1973E-04
2.8125e-02   3.523E-01  2.166E-02    1.59E+00	  1829E-04     2085E-04
3.1250e-02   3.760E-01  2.006E-02    1.72E+00	  1888E-04     2184E-04
3.4375e-02   3.994E-01  1.871E-02    1.84E+00	  1939E-04     2272E-04
3.7500e-02   4.224E-01  1.754E-02    1.95E+00	  1983E-04     2351E-04
4.0625e-02   4.451E-01  1.652E-02    2.06E+00	  2022E-04     2422E-04
4.3750e-02   4.676E-01  1.563E-02    2.17E+00	  2057E-04     2486E-04
5.0000e-02   5.118E-01  1.413E-02    2.36E+00	  2124E-04     2598E-04
5.6250e-02   5.553E-01  1.291E-02    2.54E+00	  2179E-04     2693E-04
6.2500e-02   5.980E-01  1.191E-02    2.71E+00	  2224E-04     2774E-04
6.8750e-02   6.401E-01  1.106E-02    2.87E+00	  2262E-04     2844E-04
7.5000e-02   6.813E-01  1.033E-02    3.01E+00	  2294E-04     2906E-04
8.1250e-02   7.217E-01  9.706E-03    3.15E+00	  2322E-04     2960E-04
8.7500e-02   7.611E-01  9.156E-03    3.29E+00	  2346E-04     3008E-04
9.3750e-02   7.995E-01  8.671E-03    3.41E+00	  2368E-04     3051E-04
1.0000e-01   8.367E-01  8.239E-03    3.53E+00	  2387E-04     3090E-04
1.0625e-01   8.727E-01  7.851E-03    3.65E+00	  2404E-04     3125E-04
1.1250e-01   9.074E-01  7.501E-03    3.76E+00	  2420E-04     3157E-04
1.2500e-01   9.727E-01  6.894E-03    3.97E+00	  2456E-04     3214E-04
1.4062e-01   1.046E+00  6.271E-03    4.21E+00	  2499E-04     3274E-04
1.5625e-01   1.110E+00  5.758E-03    4.44E+00	  2534E-04     3325E-04
1.7188e-01   1.165E+00  5.329E-03    4.66E+00	  2566E-04     3369E-04
1.8750e-01   1.212E+00  4.964E-03    4.87E+00	  2594E-04     3407E-04
2.0312e-01   1.251E+00  4.649E-03    5.07E+00	  2619E-04     3442E-04
2.1875e-01   1.283E+00  4.374E-03    5.27E+00	  2642E-04     3473E-04
2.3438e-01   1.309E+00  4.133E-03    5.46E+00	  2664E-04     3502E-04
2.5000e-01   1.329E+00  3.918E-03    5.65E+00	  2684E-04     3529E-04
2.8125e-01   1.357E+00  3.554E-03    6.02E+00	  2748E-04     3577E-04
3.1250e-01   1.372E+00  3.256E-03    6.38E+00	  2807E-04     3620E-04
3.4375e-01   1.376E+00  3.007E-03    6.75E+00	  2863E-04     3659E-04
3.7500e-01   1.374E+00  2.796E-03    7.11E+00	  2918E-04     3696E-04
4.0625e-01   1.368E+00  2.614E-03    7.47E+00	  2972E-04     3731E-04
4.3750e-01   1.358E+00  2.456E-03    7.84E+00	  3025E-04     3764E-04
5.0000e-01   1.332E+00  2.194E-03    8.58E+00	  3217E-04     3826E-04
5.6250e-01   1.303E+00  1.986E-03    9.34E+00	  3404E-04     3885E-04
6.2500e-01   1.273E+00  1.816E-03   10.11E+00	  3589E-04     3941E-04
6.8750e-01   1.243E+00  1.674E-03   10.90E+00	  3773E-04     3997E-04
7.5000e-01   1.213E+00  1.555E-03   11.72E+00	  3957E-04     4051E-04
8.1250e-01   1.185E+00  1.452E-03   12.55E+00	  4140E-04     4106E-04
8.7500e-01   1.157E+00  1.362E-03   13.40E+00	  4324E-04     4160E-04
9.3750e-01   1.130E+00  1.284E-03   14.28E+00	  4508E-04     4214E-04
1.0000e+00   1.105E+00  1.215E-03   15.17E+00	  4693E-04     4269E-04
1.0625e+00   1.081E+00  1.153E-03   16.08E+00	  4879E-04     4324E-04
1.1250e+00   1.057E+00  1.097E-03   17.02E+00	  5066E-04     4381E-04
1.2500e+00   1.013E+00  1.002E-03   18.95E+00	  5775E-04     4495E-04
1.4062e+00   9.632E-01  9.046E-04   21.48E+00	  6816E-04     4644E-04
1.5625e+00   9.182E-01  8.256E-04   24.13E+00	  7805E-04     4800E-04
1.7188e+00   8.774E-01  7.599E-04   26.92E+00	  8763E-04     4964E-04
1.8750e+00   8.405E-01  7.044E-04   29.83E+00	  9703E-04     5136E-04
2.0312e+00   8.100E-01  6.568E-04   32.85E+00	  1.06E+00     5316E-04
2.1875e+00   7.905E-01  6.156E-04   35.97E+00	  1.15E+00     5504E-04
2.3438e+00   7.688E-01  5.795E-04   39.18E+00	  1.24E+00     5697E-04
2.5000e+00   7.427E-01  5.477E-04   42.48E+00	  1.33E+00     5898E-04
2.8125e+00   6.935E-01  4.939E-04   49.45E+00	  1.66E+00     6325E-04
3.1250e+00   6.519E-01  4.502E-04   56.88E+00	  1.97E+00     6784E-04
3.4375e+00   6.161E-01  4.139E-04   64.77E+00	  2.26E+00     7276E-04
3.7500e+00   5.850E-01  3.833E-04   73.09E+00	  2.56E+00     7799E-04
4.0625e+00   5.576E-01  3.572E-04   81.84E+00	  2.84E+00     8353E-04
4.3750e+00   5.331E-01  3.345E-04   91.01E+00	  3.13E+00     8936E-04
5.0000e+00   4.912E-01  2.972E-04  110.55E+00	  4.18E+00     1.02E+00
5.6250e+00   4.563E-01  2.677E-04  131.66E+00	  5.15E+00     1.15E+00
6.2500e+00   4.265E-01  2.437E-04  154.32E+00	  6.07E+00     1.30E+00
6.8750e+00   4.007E-01  2.239E-04  178.51E+00	  6.98E+00     1.45E+00
7.5000e+00   3.779E-01  2.072E-04  204.20E+00	  7.87E+00     1.62E+00
8.1250e+00   3.576E-01  1.929E-04  231.39E+00	  8.77E+00     1.79E+00
8.7500e+00   3.393E-01  1.806E-04  260.09E+00	  9.67E+00     1.97E+00
9.3750e+00   3.228E-01  1.698E-04  290.30E+00	 10.59E+00     2.17E+00
1.0000e+01   3.077E-01  1.602E-04  322.03E+00	 11.51E+00     2.37E+00
1.0625e+01   2.938E-01  1.518E-04  355.28E+00	 12.44E+00     2.57E+00
1.1250e+01   2.811E-01  1.442E-04  390.07E+00	 13.39E+00     2.79E+00
1.2500e+01   2.584E-01  1.312E-04  464.27E+00	 17.04E+00     3.26E+00
1.4062e+01   2.343E-01  1.180E-04  565.87E+00	 22.31E+00     3.89E+00
1.5625e+01   2.141E-01  1.073E-04  677.48E+00	 27.36E+00     4.58E+00
1.7188e+01   1.968E-01  9.851E-05  799.25E+00	 32.36E+00     5.32E+00
1.8750e+01   1.821E-01  9.108E-05  931.27E+00	 37.40E+00     6.13E+00
2.0312e+01   1.694E-01  8.473E-05    1.07E+03	 42.50E+00     7.01E+00
2.1875e+01   1.585E-01  7.925E-05    1.23E+03	 47.70E+00     7.94E+00
2.3438e+01   1.491E-01  7.446E-05    1.39E+03	 52.99E+00     8.93E+00
2.5000e+01   1.410E-01  7.024E-05    1.56E+03	 58.38E+00     9.99E+00
2.8125e+01   1.279E-01  6.314E-05    1.93E+03	 78.71E+00    12.27E+00
3.1250e+01   1.177E-01  5.739E-05    2.34E+03	 97.64E+00    14.76E+00
3.4375e+01   1.089E-01  5.263E-05    2.78E+03	115.99E+00    17.46E+00
3.7500e+01   1.015E-01  4.864E-05    3.26E+03	134.17E+00    20.36E+00
4.0625e+01   9.515E-02  4.523E-05    3.77E+03	152.35E+00    23.45E+00
4.3750e+01   8.962E-02  4.228E-05    4.31E+03	170.63E+00    26.73E+00
5.0000e+01   8.050E-02  3.744E-05    5.49E+03	238.66E+00    33.85E+00
5.6250e+01   7.327E-02  3.363E-05    6.79E+03	301.70E+00    41.68E+00
6.2500e+01   6.740E-02  3.055E-05    8.21E+03	362.93E+00    50.20E+00
6.8750e+01   6.253E-02  2.800E-05    9.75E+03	423.56E+00    59.37E+00
7.5000e+01   5.843E-02  2.586E-05   11.40E+03	484.18E+00    69.18E+00
8.1250e+01   5.492E-02  2.404E-05   13.17E+03	545.06E+00    79.60E+00
8.7500e+01   5.189E-02  2.246E-05   15.04E+03	606.37E+00    90.61E+00
9.3750e+01   4.923E-02  2.109E-05   17.02E+03	668.17E+00   102.19E+00
1.0000e+02   4.690E-02  1.988E-05   19.10E+03	730.50E+00   114.32E+00
1.0625e+02   4.482E-02  1.881E-05   21.28E+03	793.36E+00   126.98E+00
1.1250e+02   4.296E-02  1.785E-05   23.56E+03	856.75E+00   140.16E+00
1.2500e+02   3.978E-02  1.620E-05   28.40E+03	  1.10E+03   168.02E+00
1.4062e+02   3.656E-02  1.454E-05   34.96E+03	  1.44E+03   205.48E+00
1.5625e+02   3.396E-02  1.320E-05   42.05E+03	  1.75E+03   245.65E+00
1.7188e+02   3.181E-02  1.209E-05   49.66E+03	  2.06E+03   288.33E+00
1.8750e+02   3.002E-02  1.116E-05   57.75E+03	  2.36E+03   333.34E+00
2.0312e+02   2.849E-02  1.037E-05   66.29E+03	  2.65E+03   380.51E+00
2.1875e+02   2.717E-02  9.686E-06   75.28E+03	  2.94E+03   429.69E+00
2.3438e+02   2.603E-02  9.090E-06   84.68E+03	  3.23E+03   480.72E+00
2.5000e+02   2.502E-02  8.565E-06   94.47E+03	  3.51E+03   533.49E+00
2.8125e+02   2.334E-02  7.683E-06  115.16E+03	  4.58E+03   643.76E+00
3.1250e+02   2.200E-02  6.971E-06  137.23E+03	  5.54E+03   759.58E+00
3.4375e+02   2.090E-02  6.384E-06  160.54E+03	  6.45E+03   880.20E+00
3.7500e+02   1.999E-02  5.890E-06  185.00E+03	  7.32E+03     1.00E+03
4.0625e+02   1.922E-02  5.470E-06  210.51E+03	  8.17E+03     1.13E+03
4.3750e+02   1.856E-02  5.108E-06  236.98E+03	  8.99E+03     1.26E+03
5.0000e+02   1.751E-02  4.514E-06  292.46E+03	 11.94E+03     1.53E+03
5.6250e+02   1.670E-02  4.047E-06  350.95E+03	 14.53E+03     1.81E+03
6.2500e+02   1.606E-02  3.671E-06  412.01E+03	 16.90E+03     2.09E+03
